1000
000030000
000800000
000240005
000010000
000000000
000003002
600300007
321900600
000600320
100030009
200000000
800000000
003412000
400700000
008060000
050000007
300080650
007600000
000075000
005000276
800000000
000400000
000708000
008503000
650301000
000087600
080000000
030000200
000030870
000000000
560002700
000000003
000060000
000000000
001000000
900000001
000100070
136800049
800000030
060000098
000000500
790500402
000020087
000000600
900000001
000030006
000000040
800000035
000410790
000008000
708003000
000301000
320900000
900000000
205109800
000030000
009040005
000000000
000700000
700500400
000300080
001000600
000600020
000000040
000000809
809006000
560000708
410700003
000560010
004000900
000080050
080600000
106000809
030100000
209040030
563000700
010090063
090500400
600001987
020080000
000000020
000130000
005000800
000000000
000400790
012700060
008060000
000000000
021087650
080654001
000005000
040130070
000000005
000000700
400008000
700000402
004020000
000980000
900600000
836070040
100009070
200000000
000010008
000008060
708000000
050300900
020080600
080000000
105000000
806070009
070040030
503000700
010000000
000060012
000000900
301080000
900004001
000030000
100070000
000000005
500412700
000090000
090560010
000000000
000087600
980054000
000000000
000030209
079000005
000010090
410700000
000000000
600000080
000000050
000000021
000000000
000000070
279000000
560410700
000000000
000060002
600020000
001000000
080000020
000005000
000800000
000006005
500002700
400790503
708560010
050301000
020000004
900000000
100040079
200000800
040006130
003000700
000000003
000500000
600000900
321980000
007600320
006000800
000800206
000200000
560400000
402090563
000000002
054020907
001080050
000604000
070005200
200000006
800006000
500000090
002000000
708000410
000300000
020080600
080000000
005009000
000030040
000200000
000010708
000090000
090000010
600021900
000007600
000000301
000000000
270030000
000006030
063002708
400090000
000000012
004320080
000000000
000050000
275030800
000000000
849270030
000000700
000700000
700003000
004000007
300007650
000050000
000009200
000000800
840206035
060000090
410700500
000000000
000321000
000000000
007050300
000040009
000100006
009000000
000400000
012798000
000000000
600001900
000900600
080650000
000000200
000000840
200800005
000012000
000000000
000000000
000300000
300900600
000000000
000005000
005000270
000006000
000000090
010700000
098000010
654000900
020007000
900000020
800005000
000040800
000070100
563010000
002000000
700060410
004000000
001000050
007600000
100000070
876105049
240070105
000000708
000090003
700060000
054020000
000900600
000000000
030000076
000000000
000000005
003000008
010700060
790000000
600020007
000000054
080000000
005000800
000005070
040000000
060402700
000708000
090000410
050000080
000000000
087004000
870100000
100200009
249006030
000002098
000090000
000003010
000300000
320080000
900000000
200000070
000000206
000000100
500012700
402000500
700000000
050000000
000907004
000004000
000806079
000005040
000000130
000010008
402700000
000000010
000020007
300007050
007050020
200170000
000000000
070000000
003000700
000000000
700560400
000001000
000000050
980000001
005800000
000030800
870000100
000000790
010000500
008500002
650000900
020000000
000000020
000130800
005000000
070000000
060000000
000000000
700500402
000001000
000000054
987000000
100800000
000000000
006049005
000000700
400700000
000500000
600320000
300007604
080000020
009000000
000800000
070009105
000402000
000000003
000000000
000001000
300007000
080654301
130000046
000000800
070200000
000002708
000700000
000000012
004300900
000000050
087000000
040000000
030075200
000000000
000000700
010008060
000000000
000020900
001087604
900000020
005000000
000000000
070040030
000402000
000798500
090560000
650000080
000000650
000000300
100206800
000000206
200000005
500000000
412098060
000063400
050300000
001007004
900600000
800070000
009030806
200800000
000000090
010008003
700500002
000000000
020000000
000050001
000030000
030000000
070000000
000012790
012090000
000000002
004300007
300007000
000000300
000000000
100270000
000000100
063002008
002090060
090560010
050000907
020000050
000004001
009000006
000106000
206000000
000000000
000000500
000000010
654000000
000007050
007600300
800000000
140000800
206000000
000000090
010000060
000003400
000000000
300000000
000000000
030000000
000005240
806000105
060000000
410000000
000000000
600000000
301900000
007000300
005800009
000100046
800200005
003402700
002000063
090060000
000301000
000980000
007000001
070106000
000805000
000070000
000000098
400700060
008500000
004000080
301087650
007600001
070000200
000000000
840009000
000002090
000708500
008003002
050020900
020000000
080004000
030100006
000830200
000000030
060000098
010098000
090063400
600020000
000000054
080650000
000000070
070000000
800000030
060012790
410700000
000000402
050320007
000000000
000050300
009000800
000000000
800200130
000000098
000790060
790060410
000021000
321000000
987050300
070000200
000100079
000000100
060002708
410000560
008000010
004000007
000907650
007000000
105040070
000000246
000000100
003010700
002700503
090000002
600300000
020080000
007050000
005000009
000030800
040800105
000410000
010008003
000003010
600300080
001000000
000600000
000200009
000040070
000000005
000012000
002000000
000000002
600300000
000000004
080000300
000006240
009000800
006070105
500410098
000000060
008500000
600000900
000000000
900004000
000040070
000030009
240800100
560402000
010708500
000003000
000020080
000900600
000000300
800005200
075000809
000000005
003400000
000090000
000060010
000021000
000007004
000650301
079000000
000006000
000000030
060410008
400000000
008000410
000020900
000000004
000050000
000005006
030000079
040000005
500000090
000008000
000000000
050020900
021900000
000000001
100005009
230000000
070000030
503002000
402000003
090003000
000000000
000000000
080050301
000830000
100000000
000000000
000400000
000700000
008500000
050300080
000980000
080000021
100000000
040800100
070000000
500410090
000708500
008000400
650001900
020000600
000000300
000070109
000030070
009006000
003400000
002700003
000503000
000021087
020000000
000000000
100230800
000070040
079106205
060010090
002090503
090000400
000000000
300080000
900650001
040000000
030000800
870000200
503002000
010708063
700000000
050020900
020987600
000000001
000070000
000030079
000000000
063402000
400700000
000500000
000000000
300000000
000650320
230800040
040000000
809000030
000002000
000700500
000003000
000000000
000007050
000000320
006100800
000000000
070000000
500002098
010090563
098060400
050000000
000000050
080000000
000000009
005000046
100000200
000412708
002000000
000560400
600001000
300000004
007004000
000000000
040200106
170800000
003400090
000008060
090003400
000000087
001900000
000050300
800005040
000009000
009040000
003000000
000790000
090500000
050000000
000000004
080000020
040009076
000000000
100806000
500000708
002790060
008560002
000300907
020087000
000600021
040039000
000005840
170000030
000402090
000000000
000063402
000000900
000000650
987000000
030070000
000000000
000000005
563412000
400790000
000000002
054000087
000000000
000000000
000000000
000100070
109006000
500400700
010000000
090003000
604021080
000000000
900604001
030000000
000800106
800000200
000000008
002000500
700560000
054020080
000000000
907000000
230040000
005009000
009000000
000000098
002000003
000003000
004000007
000000600
900000000
000200000
005840076
000000000
500010000
000000060
090500000
000301000
001900000
007000321
000800149
000000806
009100000
003400000
002790003
000000400
000301000
000000000
907004021
030000800
200800040
000070005
063000700
400090063
000563400
650020900
001000000
007050301
005000006
000005840
009106000
060010000
000000003
000560000
000301000
321080000
907000001
000239800
000045000
009100000
003002008
010000060
090060400
004000907
001980000
007000301
205030040
000000070
000006000
063000090
010000560
090000000
004001080
001000000
007004000
000140800
800030006
100000000
000000008
000000560
000003410
650300000
000980000
980000301
000045079
075000000
000870000
060400090
000700500
700560000
004020087
320087050
000000000
200000040
000000000
100070200
000000090
402000500
090000400
050001980
000900600
080000001
800030009
200049000
049000000
003000700
002000000
700000000
000000000
001900050
080000001
000009070
006200109
109070000
063000000
000090003
708000002
654000000
001900600
080004000
000240106
006000809
000000035
063000000
000790003
000000000
050300087
000980000
080600300
005000000
006005000
009000030
000000008
000008000
000003000
004320000
000000050
000000000
005000000
030145800
009070005
000400008
410008003
098000400
050000900
000000050
080004001
000236000
200000000
000000000
000010000
000000000
008000010
600000980
000087004
000004000
040000100
030000000
006140030
000010000
002000060
000000000
000300000
300980004
900054000
000000000
009030006
000009235
000002000
000090000
700000000
000001007
300000000
080000000
005070009
040000800
070100205
000000700
002000003
000500410
004301000
020080004
000000000
100205000
030000000
000000005
003010000
400008000
700063402
650000987
020900000
987004000
240005070
000000000
006140030
000402090
002700000
000003002
600000007
321000000
080000301
030205806
040006100
000000000
060000000
000000003
008063010
000000080
000000000
000000001
000800006
040006800
800040030
000000700
000700560
000000400
000000000
000080000
900000320
000000070
000000100
070000030
060000700
000000500
700000400
600300000
001000000
080000000
000000100
200000800
076800030
063410700
400000000
000060402
000020000
000980600
007604300
200000000
000230000
000000230
500400000
400090000
000000410
650000000
000000600
980600301
035000000
000000800
006009000
000000000
400000000
090000010
050301000
320900000
000000000
000100076
800006000
100000205
000000090
010000000
700003400
004000907
000907050
000050020
800200100
000100800
000040030
560400790
010000000
700503000
000300000
001000000
987004020
009170806
000000100
006000035
503002708
410000060
000500002
000000080
000007000
080004020
000070106
000100000
070009030
000000000
000000500
008500000
000021907
000007000
900000301
000006000
270030000
040079000
003000090
000000003
000560000
000001000
001000000
007050300
000000079
070030000
040000005
060000000
400700563
090060000
600000980
300080000
000650000
100030000
200000070
806000000
000402790
002090000
098000402
000001987
021000000
007000300
000830009
000005006
000000035
503000000
010790503
000003002
004000900
000000050
900600320
000000870
275806000
000070000
000000000
000098063
008500002
050001000
001900050
900650020
000005000
170030000
000170000
000000708
400000060
000000000
004000087
000000000
080000300
009000000
000046100
800070035
003000700
000008000
000560000
050000980
000007054
000000001
009000000
130000070
040109200
003010000
412700000
008060000
650301900
000000004
980004000
030100009
800000000
000000000
003010008
000708003
700500400
600301007
000080004
080000001
800006009
000035000
100070030
060000090
400000003
700060000
600000000
300000600
000600320
070006000
000045000
006000000
000012000
000008560
790000402
654300000
000087004
080000021
000006009
009000000
000870030
000002000
000098000
090003010
050000080
000080000
000000000
000000006
070000009
100000000
000000098
402000500
000000400
600020900
020000000
907604001
000005076
070100000
000000005
003000090
010008503
700500400
050000007
001000000
000050021
270005006
800006000
040000035
000002700
000000000
000060002
000001900
001900650
080650001
000030006
000000000
000070200
000000700
010098060
000000000
000001000
300000604
007000020
000000009
030000006
009000000
500410008
012000000
000500000
600300000
000900000
000000020
000035000
030800046
079100000
063000000
000700003
000000000
050300980
000000650
900000320
130000009
800030170
079100030
000402090
000700500
000000000
050020900
000000000
987004000
800200000
000000000
079040800
000000000
000000560
000003000
604001000
000007050
000000001
005009070
030000140
000000000
000002000
402000000
000560012
604000000
020007004
000000000
000000000
036000000
000000000
003400098
000700000
090000400
054000900
000007654
000600300
000000040
040000009
009000000
000000090
002098060
708000402
600321900
000080600
000050320
005070100
100005079
000100035
003400790
010008000
000560000
000020907
020007050
900600000
800030070
000079000
100006030
003010700
000098000
708003012
650300007
000000000
007050300
000000100
000000000
100000800
000000098
010700000
790000000
600000000
001000000
087000020
000175000
045000106
000000000
000000008
400090000
700000002
000001000
000907000
000050000
000000109
000039006
000000030
063000790
400700060
000500012
004000000
021900000
007050300
000030070
000800000
000006805
500000000
012090003
708060402
000000907
000000600
000604001
200809000
000070000
109006800
060010000
402000000
000500000
000020087
000000000
000004001
000000000
000000070
079040005
560000000
000090500
090060000
004000000
000000000
000050301
005000000
000005000
009040800
000000798
002098000
700060000
600001007
001000604
000054020
000805000
000000006
000076800
003002790
412008000
700063000
600000000
300000004
087050000
030200009
070800046
040170800
060000090
000790503
790003000
050301007
000907000
000000001
070000040
030009000
200070000
003012798
000008063
008500400
000000900
020000050
007600000
000000109
030009200
000000000
500002000
402000000
090060010
600300987
000907000
000004301
000000200
000000000
000006005
060400000
002090000
090000012
000000000
320087000
007600001
000240100
000030000
000170030
500400708
400000500
000503402
050020900
301007600
080000000
070000006
006000070
000006000
000002098
000090000
000000012
050000007
000080000
080000000
005009000
000005209
040000835
000012090
410008063
090000010
600000080
001000000
000000300
800005070
200000040
000076005
503402700
000700500
708000002
054000087
001000600
980000001
236000100
070100046
000000000
000002700
402098060
700060010
000000980
300900654
080600301
006100000
000000000
000000805
000000090
402090063
090000000
000020000
000007000
900000301
200030000
830049000
000006030
003010008
000008000
000003000
000000000
000000000
080600321
000009070
000030049
000000800
060002000
002700500
000003400
004021907
020007604
980000000
200000070
006105000
040206030
500000000
402790000
090060010
000000980
020000000
000050000
800100000
000005070
000000835
500002000
000000063
700500002
050001080
300080000
000600300
000800000
000005000
100000005
000002790
000000000
008503410
000000980
000987004
900000000
000030009
000000000
006049030
500000000
410700063
708500000
600300007
300007000
000000000
000000070
000005006
070000000
560000000
000000000
000003410
600000007
320080600
000000000
005070200
049000100
000040000
060000790
002700000
008500400
600000080
021907000
000000000
000006000
140030006
000040000
000010700
002000500
000560000
000000000
000000600
000000321
040000006
000000100
006040800
000000000
000000060
000503000
000000000
300900000
000050020
000030000
005076040
200040000
500000090
000090500
700003010
000020007
000900600
000604300
000070006
005000100
070000000
563400000
402000000
090003400
000020000
000080600
080000000
030000000
000800070
070000000
003412790
402008063
000000400
600000000
000000054
007000020
000100000
030800000
000009000
560000708
000000560
000000410
000020080
300087050
907050000
205000009
830070040
070000005
000000000
010008060
798003002
604001000
000000000
080004021
000000049
000800106
000040030
000000000
000700000
000000012
600020000
000000000
080600000
000000040
040100000
000009800
503410000
000000000
000503000
004001980
300000000
087054000
000000000
230000100
106040000
000000008
010000000
090000000
004000000
320000650
000000000
000000106
030006009
070040000
000000090
010000060
000560400
000300000
000080650
000000000
839075000
000000000
100000000
000010700
002000000
000000000
004320080
000080000
000600000
030000040
005100009
000009000
500400008
000708063
000500000
604000907
020907000
080000000
030000209
070200140
000009000
060000000
400000000
000000010
654020000
020080004
000000001
800000000
070800206
000000000
003010000
000000503
000503000
004300900
001007004
907000020
000000040
000240000
000000800
500000700
402000560
008500000
000020900
001000000
007000300
005000100
100040000
040009800
060000000
010000560
000063002
600000000
000980050
000000300
100005206
005200040
000100000
060402000
000098003
008000012
000300000
021900000
000054020
000000106
000000200
000070000
000000008
000000003
008003010
004320080
301080000
900000000
000805000
800000100
006000000
060000700
402008063
700500010
050301000
001000000
000000000
000030046
000006000
006070000
000000098
012098060
000003002
000020000
001080050
900050001
030100270
009800000
046009000
000002000
400090063
090000010
004320080
000900004
007000000
200040000
009100000
000009000
003010008
412000003
008060000
004300900
020000604
080050300
875006240
000000106
140200800
503000000
400000000
708000010
604001900
320907000
900604301
205806040
830100000
000009000
560000700
402000063
000060000
050000000
000080000
000000000
800045200
070806009
000070800
000010098
010000000
000000010
000301007
000007600
000604300
000000100
070130009
040200800
000400090
412708000
000003000
050020000
000080600
007000020
000000206
005000170
106000835
500002000
000700500
090063010
600000080
001007000
007004021
000030000
000000000
040000005
060012000
000008060
000000000
004301987
000080050
000000020
000000009
000809000
000030005
000400700
400708500
098003000
000300000
000000004
000000021
000005000
000000000
000200000
060002000
002700500
000000000
000000000
000907054
080004320
006105000
000040000
070036000
060402000
402000500
700560402
000300080
020007604
000000000
006805000
005000076
070006000
000400000
010008063
000000002
000000900
000080604
080000301
000100800
000800230
000030045
000012708
000700060
000000400
004320980
000000000
000000020
100000000
000000030
800206000
000010090
010000003
700000000
000000000
000087000
900054000
000070830
006000000
000206105
060410000
000708500
790000002
000001900
000000050
087000000
140070230
000040070
009030040
060002000
000000503
000000000
000000000
000080650
900654021
000000000
840170006
000830000
000400090
010790500
008000400
004000907
020900050
000000000
006100270
100000800
000830140
000000090
010000060
090063410
000300980
000000000
000004000
100270800
835009000
000000040
003000000
412000060
000000000
004020000
300900004
000600000
840000200
030040000
000800005
500002700
010000000
000000000
604020000
020007000
000000001
100000070
840100000
000000040
000002700
410000003
000503000
050000980
000080000
000004001
000100076
100000000
009000000
060000000
000000500
008000400
004000080
001000000
007000320
040070000
000105000
000030000
000000000
000000500
008060002
000000080
001087000
000650000
805000030
030000000
000006005
500010790
402008060
000000000
000000007
321000004
007654000
040005009
000000200
839006000
000000000
000700000
000000010
050021900
020000004
000004000
000000000
205000000
009006000
000000000
000000000
000000400
600300000
021000600
000604020
006000800
045000000
000000000
003000000
412090063
000000010
050320000
020007600
007054001
006000000
000030000
030200105
000002000
000708060
000000400
050300007
000007000
000054000
200009000
000000009
000270100
060000090
402700003
090003400
004020007
000000000
080054300
000000006
000000030
800000100
000400700
410708500
008063010
000000000
000000000
007600000
205000000
100030009
809200000
063000008
012700000
708003400
050001087
000080654
980600000
100000230
200000800
830006005
060010708
410000000
000000000
004000907
000000654
087000001
106000800
800100030
000000000
500012090
002098060
000000002
000000900
000000000
000600021
000105000
000009000
009006000
000000008
000098000
000000010
000320007
300907000
000054300
000000000
040030000
000070040
003000700
002090003
090003010
050000000
000080004
000000300
000100000
005000000
209070005
000410000
000000060
000060000
004301000
020900000
980000000
040009000
070000000
000070000
000010000
000000500
090060400
004020000
001087600
900004020
040000000
000000000
000800005
063400008
002098000
090000400
004020900
301000000
080000300
000000800
000000079
009800100
500400008
000708063
798000010
604001000
000900600
000000021
000100000
040030000
000000040
503000000
000008003
000003400
600020000
001007000
087004320
200000000
009800006
800000000
000012008
000708000
000500000
004021987
020007000
000050300
030000000
000070036
000230000
063400098
000000500
000500402
654000000
320080600
000000301
040070009
000000000
070000100
060002700
000700000
000000000
000001000
320000650
900050000
000070039
039005000
070030000
003012000
002708000
708060010
600300080
001007600
980004020
000000006
005000000
000000000
060000700
000000563
700000010
000000000
300000604
007004020
039005200
040000000
006009005
003400090
010008063
700500000
650021980
001000000
000650000
000000000
005800209
006009140
000010000
000700503
000000002
654021080
001000654
907000000
040075000
030140070
000200000
000410700
000798003
000060000
050000000
020080004
000600000
030000800
000000230
070000000
000400000
000708000
000000002
000000980
020000650
080000001
000100000
009070006
070800000
003400708
400090000
090000000
000000900
300000054
980000300
100000800
000005076
006000140
000010090
002700500
000500000
004000000
000087000
007000000
000070039
009045006
206800005
000402000
002000003
700500400
050020000
020000000
980600000
100000000
800000009
000009140
000000008
000000000
000000000
004000907
020000000
980050000
000000070
040070000
070000145
500402000
000700000
708003400
004000000
021000004
087000000
109000006
830146000
000030000
000000000
402000003
000500000
604000007
000080600
007600300
000005006
105006009
070030100
503002708
010090060
098060012
000300900
001000000
080000000
000100879
100000000
800009000
000002000
000098060
700000000
050020900
000007050
007004000
100030000
009000030
000000000
500000000
000000000
090003000
000001900
000000054
000000000
000000000
109030000
800209000
000000008
002098000
700000000
050301080
300907000
007004001
000000000
000000000
000009040
560000000
400090060
700560402
654001000
300080054
080000020
000105000
070800030
000000140
000402700
010000003
000060010
650300007
001000000
080054000
040030000
000100830
830209000
000410700
000090500
000563002
054000007
001000000
080004000
000000000
000000200
006009000
000002000
012700003
090060000
050020980
001080600
000600021
070005000
000030070
006000140
560000790
000000003
090000010
054000087
020000000
900000001
145006070
000000230
236079000
060010008
002700003
000503400
600020000
000900000
900004001
005100000
000000030
000000000
003402000
000090060
090000000
004000007
301000004
080000000
070000000
800005000
206809000
063410000
000000003
700060000
600301007
000000000
080054000
070106200
100000006
000800000
500402090
402000000
700000002
600000000
000900000
000004020
000000800
005000000
206000045
060002000
002090500
000000010
050300080
001000054
000650021
000105006
000040030
000000000
000010700
000700500
000000000
004000007
020007604
987004001
109040000
040000000
000809000
000000008
000008500
008000002
050001080
301007604
007600000
000000000
000006000
006000000
060000090
400008003
000563010
600020900
301000000
000000000
000040079
000800030
800100000
000000000
010700003
090000000
050301900
000000000
080600000
000000000
005000006
800000000
060000000
000000000
000000402
000000080
321000600
000000020
100200030
000000170
000000000
000400000
400000500
700000400
050000907
001000650
087600020
000070030
105000870
009130000
503410700
000000003
008000000
000300987
001900000
087000020
100040070
006000000
079036040
500002090
000700000
090000000
654020000
000087050
000000000
030000170
040200009
800000005
060000008
000000000
000500410
004000080
301000000
080054300
000009000
200805070
070136000
000000798
400700563
000000010
000301000
000000050
007050000
005809006
130200800
009030240
000000000
000798000
000000002
000000907
021907000
007000020
000140009
845009100
100000000
000010090
002090000
090000400
000320000
000000000
980650000
000005100
000000000
000830040
000000000
000000060
098503000
054020080
000000054
000600301
206000030
035000006
100000000
500010700
010090000
008000400
000000000
021080050
007050000
800070000
000109000
009000000
500000708
400000000
000500000
000000900
001000050
000050000
000000000
000275100
000000200
000000008
012708503
000060402
000001980
001007604
000004001
805200100
200070800
000000000
563010000
010000000
008000010
000300000
001000004
900004000
240000006
030200009
000800200
000002798
400000060
000500000
004021080
000000000
007000000
845009030
200000000
000000200
500000000
002000060
700500002
004300000
300000000
980000020
140005800
270800130
009170000
063010000
002000000
098000000
050000980
000000000
900604001
006030000
000040030
000100000
503010090
002098060
000000400
000000007
300000000
900000320
000005000
040030000
830000005
003000008
010090000
090000012
000001980
000000054
907050000
070005039
100039006
000070040
063010000
002000500
090000000
654000000
001080654
000004021
000200806
006045000
830006200
563410090
010008000
008503000
000000980
021000000
080000000
000000000
070000000
000000000
000410000
400000063
700003002
000020000
001080000
007600000
000009830
240000000
000070005
500000700
000008060
090003000
050000000
000000004
987604020
000800000
000230000
000000005
560002000
002000000
700500400
600300900
020007004
000054000
246000009
000040000
100070000
000402000
000090500
008060002
600001080
000000000
000054001
040000070
070009000
000006005
000000000
000790000
000000010
600000907
300007050
080054001
000100009
840000070
030006000
003402700
002700000
000060002
004000000
000907000
080050000
076005100
000100806
000076005
000000000
000000000
000500400
000001080
020900000
080604001
000009006
000040030
100800245
000000700
400090000
000060012
004000000
000080004
000000000
840200000
000000009
009000005
063000000
000008000
000060010
000300000
000000000
900600000
000000000
800200109
000006005
500002000
410098560
708500400
050000080
020000604
000000001
000009000
000000000
030000000
000400000
000000500
008563010
000001900
301900050
900000021
000000000
200075030
000100240
000010000
002090500
000500010
600300000
301000000
987050000
005000009
000005000
000100200
060410090
000000063
700060000
600020007
320087004
000054020
000000000
230045100
000000000
003410000
010798000
000000012
004020000
000000000
000000320
245000000
000200800
006000005
000400008
010000060
000003000
050020000
000000050
080000000
100005800
040800030
000039200
500000008
000000500
090000010
000000080
000000000
080000001
200000000
100070000
800000040
003000700
400708060
000000000
600300907
000000054
000000020
000000000
035040070
000000000
500002000
400008000
000000000
000320980
000087050
080600020
040075000
000206800
800000005
000402000
400700000
708060010
000300007
000900000
080050000
005000800
000275100
006030000
500402708
000700060
000500400
600320980
000087000
000050000
000000100
000000000
170009200
000400000
410000003
700560000
000000000
001000000
007600300
205006009
039040070
000000200
500410700
000790000
000060000
000000080
000900000
980004301
005000000
000000000
100800040
500000098
410000500
090063400
000000080
000087000
900654000
000000000
800070009
000000000
003002790
410090500
700000000
004001000
000000054
007000020
800040000
200070800
170030200
000002700
012700503
008500400
600001980
000080000
080600000
009000000
800040000
100000205
500002000
002008003
090560000
000000000
300980004
900600300
000070030
000006800
170030040
000010090
010000560
000063000
000020000
000007000
000000001
000000070
070000100
000100245
000000008
012790000
008000000
050300000
000900600
000050300
000000109
000000006
036000000
500002090
400008503
090000400
000320007
021000054
080004000
175000000
000000076
030000200
000402790
002090000
008500000
050000007
300980600
000050001
075000109
000035076
006100000
000410000
000700000
098060000
004020000
000007600
000000000
100000000
200800000
806079200
560002000
000700500
000560400
050000000
020000054
080004021
040000000
000040830
000170000
500400000
000700060
700000410
650000007
000000050
000650000
000000830
005000000
800000005
000012790
010008500
000060010
000000000
000080050
000000001
000800036
000000070
030070200
000002090
000000000
008003002
600000080
320000004
000004000
005000009
800240000
100009000
000002798
400700003
000000000
000000007
300000000
007050000
000000070
000000800
030009000
500010000
000000560
090000000
050021080
021000004
000000001
000100800
040000076
136000040
560000098
010700503
090000010
600300900
001000604
987000000
070006100
209005800
000000040
000400700
012000003
008003000
000000900
300000000
000000000
049000070
000006009
106009205
560002090
402000063
008003002
000300000
020000050
080050300
000000000
005006009
100070000
500000098
400008063
000060000
000020000
320000000
087004000
009040800
045000070
030070000
500010000
010008563
000000000
000300900
300080000
007600020
009045130
000000000
030000000
060000708
000008000
700060010
050020000
300087600
000054321
000040000
040000000
200036005
003000090
012000060
000063010
600000000
000000050
907004001
000005000
040809000
070000040
500400008
000090000
008060002
000000900
001900050
000650000
000800200
000000000
000106800
003010090
000000500
090500410
604000007
021087000
900050020
000000000
130009000
009036040
500400700
000000060
708563000
000020900
000080604
980000300
000000070
800000100
000000000
063012000
000700003
000500402
004000000
001000054
000004300
830000106
046800009
209100000
000000000
002700003
700000000
050001080
000980000
980050000
040079000
800045000
009030845
000002000
402790500
000063000
000000000
000900000
007004000
800070030
006800200
200006840
500400790
410790000
008000012
050000000
000907050
000050000
800000079
000800036
000230800
060400008
000008000
000000000
000000000
000900050
907000001
200000000
000000030
000000000
000010098
000708503
000060002
000320000
000980050
000000300
006000000
000000106
000030840
000000000
000000000
000000000
000001000
000000000
000054020
040075000
000100276
000000845
000000798
002700503
000563002
004300000
000987604
080000001
030040206
000875000
000030040
000000000
410798500
090003000
000000987
300980004
900004000
030800000
040000009
070006000
003000090
412708003
708000402
050021080
320900050
907650021
845000006
006000009
009000800
500000700
000090000
008560000
000000080
000900004
900600000
040000000
000000009
070000800
000010000
010090003
000060400
000000000
020000600
900650321
040000200
870000000
009070005
503000090
010000003
000503400
000000007
000007604
007000000
800005100
100009000
000070800
560400000
400098500
000560000
004020900
000000000
000004001
000000009
000009076
000000000
000000708
000000060
008560000
000000000
021980000
980650000
000200009
005830000
000100000
500002000
000000000
090500002
000001000
300080000
900004021
100030000
006000000
000000840
000000700
010000003
000000010
004320900
000007000
900000300
005209000
070040209
030076005
560010000
412000000
090500002
000000900
300080000
000000000
100800030
000200100
030100800
000410700
410000563
000000000
600021900
001087004
000650000
000009000
040000000
200070000
500000000
000000500
090003000
000000000
020080050
000000020
800000009
005800030
009006005
500012000
000090560
000060010
600000007
000000050
000000301
006000000
075000000
000006805
000010090
410000003
000000400
604321980
000007000
000050000
006100009
000800070
000270000
500000000
412790000
000563400
050001000
301080004
907050000
000800009
000009000
009000805
000000098
402700000
090003400
000000007
001900000
080000001
000000206
270800000
130200000
063000000
000000060
008003002
000301900
020000600
080000000
000000070
000000009
000200000
060000700
402000000
008060002
000001900
001980000
980050300
000109230
000800009
030070000
000400000
410090003
000060000
050000000
001000050
000000000
000000030
006100000
000000805
500010000
400700000
000500002
050020080
001080654
000050000
130000009
009005100
070000000
000002790
402000063
700500000
050020000
020000050
007054000
000000179
000000230
070009800
003010708
410008500
000503002
004000007
000087050
080000000
000000009
009000000
000000045
560010700
000098003
000500000
050000000
000080000
007600000
800200100
039005000
000000040
500000090
010798003
008000002
004020007
000900004
087000301
030800000
000000000
000100000
000000000
002090000
000000012
600000000
001080000
907650020
030040170
000000000
000000040
000002000
402700003
090500000
000021087
000000000
000000020
040000000
000040000
076000040
000000708
400708503
000060402
000020900
000007004
007004000
009000000
000006070
000100040
060002090
010000003
008500000
650000007
020080600
987604000
035006009
000000000
000030040
060000000
000000000
000063410
004000000
301000000
900004320
230040079
040000230
000000840
000010000
400000500
798560000
004001000
000900600
980000020
000000030
000800000
000000000
060002000
000008000
090000002
604001007
020080004
080004000
000800000
000040070
000030000
560000090
000000000
000503000
004300000
020080604
000000001
000005070
005000100
000030005
000000700
400000060
098500000
600000080
000080604
087000300
000805006
000100000
170009040
000000700
002000063
098063000
600320080
300900000
000000300
049000006
200040070
000000040
003002000
002000000
700000002
000000000
000000600
080004020
040000000
000000000
000030845
500012090
002000000
000000000
000000007
000087600
007054300
100000200
000000000
200000805
560000790
402098060
790560000
000000000
000080000
007600000
005000000
000000006
000000000
003400000
000000560
000003010
004300000
000080004
080650000
000000009
809005100
000000000
503000700
412000000
000000002
050000080
000007650
000050000
005206100
000000000
030170000
500400790
002000060
700000410
050300000
000000000
080000301
000030270
000200000
230109800
503012000
410000000
000563400
000000080
300000004
900000020
000200000
100000039
000070040
060402708
402090000
700003010
600300000
300080000
907004000
000000030
840000100
000100800
063400700
400708000
000003000
000001980
020900600
007054000
000000000
140800000
030009000
500400700
000000000
098000000
000001080
300080054
000000001
800000270
200000030
000000000
000010008
000000003
090500002
000021000
000007000
907600300
000000179
009000030
000000000
500000000
000000000
098000410
600000900
000080004
000050000
005100039
000800070
100000040
000002000
400000000
000060000
600000000
000000050
000000000
000000030
800030000
100070040
003400000
400008060
008500000
050000080
300907650
000000300
849000000
200040030
000000000
003402000
000000003
090560000
600000000
001007600
000050300
000030000
005006000
000000805
560002790
002008060
000560400
000000000
320000000
900050300
070000030
240006000
036000005
503000000
000000563
000000000
000000000
320000054
000654021
070040100
000136070
100000800
003400008
400008000
700060010
004001000
001000000
007000020
000105000
005009230
040000070
000000008
410700063
000503400
600000007
000007054
000000000
130005040
000000006
000006070
003010790
412008003
090000000
054020980
000900050
900000001
000005000
005800000
800030005
000000000
002000000
000063012
004300980
020007600
000000020
106005039
200070040
000030005
000400090
410090063
000060400
000020000
020007000
080600320
230000006
006000200
009000000
003002000
010008003
000500000
054020900
020007000
007600020
100079000
000105800
000000100
060402008
010700003
708000410
000001900
000000000
000004320
005009030
000005009
000200000
503410000
000700500
000060010
050020007
000000000
000004020
070040230
030170000
800000070
000000090
000000003
000000000
600000000
300000004
080600000
100070000
070040006
000000000
500000008
000700503
090000400
004001087
000000600
000004021
000005040
000000000
040836000
000410090
010000500
000560002
000000000
000980050
007600000
100205009
805070000
209836000
060000000
400000503
000560002
654300000
320000000
000004020
006045209
000070806
000006070
560000700
000700003
000000000
054000000
300000600
980050000
000000006
800000000
000000075
000002090
002008000
790000400
000300000
000007000
980000000
000100040
006200009
200030100
000000790
000000560
008000010
600000080
001000050
987000000
000209000
000070000
249030000
000000700
400000003
098000000
054000000
000000050
000000000
800100000
030000009
000030005
063002000
012008000
000500010
000000000
020900000
000050000
000130000
100870206
009000000
003002708
012090000
700000402
000000087
000900000
987050300
000005000
040000000
039000070
060000090
000000003
700060002
050001007
020000600
007000300
040070009
105000000
000040000
500010008
400790503
090000000
004001000
020900000
000000000
006000000
200130800
000000000
000012008
400790000
098500000
000000080
300000000
007050000
070100000
040005030
009006170
000000700
010790560
090000000
000000007
000087000
900600000
000830000
006100800
030000000
060002700
000700000
708000400
000000000
000000650
007000001
040070006
000000000
009000100
000010700
400098003
008060000
000000080
000000000
000000001
005070030
200000040
009000000
000402000
400000500
008000000
000000080
000087000
900000320
106000049
005070030
200000100
500002000
000090060
008060010
050001000
300980650
087000000
000100049
000009800
039006100
560402000
000708500
000060002
004000900
020000054
007000020
040200000
800039200
000806000
503000790
000000000
000500010
600300007
000000000
900000000
000000009
100030000
209806070
063012000
000708560
000000002
054300000
001007600
900000000
000039846
046000200
000806005
003000700
000000000
008500000
000000000
001087000
007054000
070009200
000005000
030000100
000410700
012700000
000000400
000000000
000080004
080600300
000200000
000005040
000800075
000000790
000000060
000560012
000000000
021000000
007004000
805100006
100005040
200000100
000010000
010700000
098060000
604300000
001080054
087004000
000000000
000000000
040039000
060000090
000000000
000003010
604300000
301000000
080050000
100000249
200100006
040000005
563400000
000790000
090500400
000000080
000087000
000000000
000140830
100000000
006000005
000010000
000000003
000503010
004320080
300000000
900600000
100800000
000070000
000009000
003002008
010000500
000000402
004021080
000000000
087000020
200000800
175006009
000009105
000000000
012000000
000500012
000001007
000080004
007004000
039000006
200100000
800030000
000010700
402090003
008560000
650000000
001000050
007000001
079000030
100000049
800039000
000000000
010000003
700060000
600320087
001000054
000600000
000040200
030006849
800000100
563000000
000000063
000003400
000000007
320000000
900054320
000000040
000000200
200800005
000000008
000090000
000063000
600000080
020000600
900600021
805000000
000000030
006000000
503400700
010000000
000503000
600020000
000000050
000650001
000006000
009100200
040000000
060400000
010090000
700000000
000020000
300000600
007000000
005140039
009005000
000000000
063002008
012098000
090500000
050000080
000907000
000000321
000200000
800006000
200800170
560410090
000090003
008003000
000021980
000900604
000050301
809075040
000200800
000830000
000012098
410000003
708063000
000300907
000900650
000000300
100000006
000000009
000000070
003000090
400098003
000060000
054020080
000080050
080000000
000100030
030000000
200800070
000000000
000000500
000000002
000020000
000980050
900000000
075100000
049000006
030040100
000002790
010090000
790000002
000000080
300000000
007004300
100000000
000100000
000000000
000402000
400000000
008060000
004000000
000080050
007604000
000000000
170000046
000049005
063412000
000000000
000000402
600000000
001000000
080600001
105000030
070030040
030009100
003400000
400700000
000060400
654021000
021000000
900054001
279100046
040000030
000040000
500012000
000000500
090000002
600000080
000000004
000000300
000000046
205076009
830009000
000000090
400098000
090500010
000301000
000000004
000004001
000000800
000800000
000000000
003000090
400700000
008000000
600000087
000007054
900054000
100070030
200000000
000000100
000000000
412000000
090000002
600000000
001087000
000000300
070030000
000000000
000040000
560000000
002000060
008060000
050020000
320007604
000604021
070006200
000005030
200009100
000002090
402008503
000060000
000020000
001007050
000000000
100200000
800000006
200009000
000010000
002000000
000003010
000021000
000900000
080000300
000000000
000000006
200840105
563000008
402000500
090500012
000300980
020000000
080000000
070030040
000000200
000049000
000400000
000700503
008003010
054301000
000007050
007054000
000135000
005070000
030040000
500000000
000000060
090000400
050000000
001900000
000050020
100000000
805000049
030009005
503400700
400000500
008560000
050001900
000000000
900000320
000000200
100006000
006840105
003000090
002000003
008000000
000000007
000007650
080000000
000000000
275009000
000106000
060002090
412790000
790000410
054020087
320000000
007004000
000000009
105000030
009100005
003000700
000000060
000500400
000000087
301087004
000000000
000200009
000009006
000000275
060000700
000000003
000500000
000000000
000000600
900000001
276840000
100000000
809000000
000000000
400090003
090060400
600000007
000900650
980004301
000000040
000000030
800000000
000402090
000000503
000003002
604000000
000000000
007000000
235000040
006040830
040100000
060000000
402000000
000503002
004000900
000000050
007050301
170000000
200075000
000100075
000000090
412090000
708060000
000000000
000007050
000000020
000000000
000070000
000030200
000002000
002708000
000500000
004300000
000007004
000000321
000005800
800000000
049036000
500400000
002008500
708000400
000000000
000080600
000054001
800070000
000100030
000030205
500010008
002008000
700000000
654001080
000080000
900050001
000040009
030270000
000800070
000000000
400008063
000500000
600321000
301000000
000000021
000005039
000070000
040006000
063000000
000000000
000563402
000301000
301087000
007050001
030109046
006005130
040000200
060410090
412790000
000000400
004000007
301900050
900054000
000000000
000000030
009830000
000400000
000000003
798000002
600000000
000080050
000000000
000100036
000000149
000000000
000400090
010000003
008503002
000020000
000000600
907000000
800009000
000000840
000000070
500000798
410000003
700000012
000000000
001007650
907000301
000000000
005000136
809006075
003002090
002008500
790000010
000300900
300900004
000000300
200800100
100000000
030006275
060002008
000000063
000003000
004000000
000080050
007000000
000070030
000009000
830100200
000010008
000000003
700503000
000000000
001900050
000000000
040005030
005000000
030000070
500000000
010008000
700000010
004300907
000000050
000000020
100000800
200005000
000146070
500400700
400000500
000063400
000000087
000900654
080600000
005000006
040000009
000000000
000000000
400000000
090060400
004001000
301000004
007604320
100000006
006800040
000040005
503000008
000090000
000000000
000000007
300000000
000600000
000000130
006000000
000000000
000000700
002000000
708003000
000021080
001000000
000000000
200030809
000009000
100000005
060010000
402090000
708000410
600320007
001000004
080650000
800000000
005009000
109800205
000000700
010000000
000000002
000300980
000900000
007000000
000000000
070000046
009806200
503010000
400000063
090000400
000000000
000007050
080000000
006005000
200100000
100046075
000010708
412090000
000003000
000000080
000000000
000650000
000000006
006205030
100000200
060010090
410008063
000000000
600320900
000000000
007000021
800030000
000105009
000800000
000000000
410000003
790000000
600300007
020987004
007050000
045000000
000000000
000000000
003002008
010700000
000500410
050021000
300000004
080050000
805270036
006005040
000046200
060000008
010090000
708000000
000001080
020907600
007650000
100070040
009000000
000030005
003000008
000000000
000060000
600001000
001000004
000004301
000006100
000200006
006130000
000400700
002700003
008500002
000020907
000000000
087654300
005000800
030070000
000000205
000000708
000008563
000000000
000001900
001007004
000600300
075000030
000070840
800000000
000000700
010098003
008060000
004300907
021007000
987600020
030000000
270000030
046000070
000000000
000008060
700503000
600001080
300000000
000050001
000000100
070000830
806000070
063010000
000008563
000000000
000021900
001080004
087604000
000040000
000000040
006000070
503000098
000000060
708503000
000001080
000000054
900604001
070845000
000070000
006030000
500002708
000000500
700060000
004300900
300900600
007004000
200070000
000040100
040000070
000002098
010000003
700060000
600000000
001007600
087000000
000006100
000105800
100000000
000010000
000000500
098060400
050020007
020000000
980000020
200000030
000005006
100000000
003012000
010000560
700060000
600300000
000900000
980000021
870000000
000000000
100000000
000410700
000000503
090003000
600300000
000900604
000004020
009000000
800006009
000000000
000400000
012000060
008000002
600000080
001907000
000000020
039000040
005000000
106000205
500400700
000700000
700000010
000000080
000980600
987000021
000005830
030000040
000000070
560000000
400000500
000503000
000020000
300000600
080004000
009200030
000076009
000030000
560000700
000700003
700560010
004000000
000000600
000000000
075000000
040070030
800000200
500000700
000090560
700060400
000021900
000007600
000000000
000000009
040000030
006040000
000400708
012798500
700503010
000000000
021907050
000604301
000200809
070000000
000100000
060002008
000098000
000503000
000000000
000087600
007004300
005800130
000200800
006040270
003000000
012000060
090060002
004020080
301900050
080050000
000000046
000000000
006009000
060000700
000000000
008060002
004020980
020007000
000050321
000805000
040000000
000040200
000000090
012790500
000563002
004000000
320987050
907000020
000000006
000000000
000040270
063012000
000708503
090003410
054301000
021980600
907000001
040005000
170000009
000149005
003000000
402000060
798560010
000300007
000900050
000000001
000030040
049270000
030000000
500002700
402008060
790060000
004000007
001900000
900650000
000000009
049100830
100800000
000400000
402000060
000000000
054000000
320900000
907000021
240000800
000235006
100040200
000400098
000098063
708060000
000000000
020900000
080050320
000000000
070005000
006049200
000400708
000700500
000500402
000020080
301080004
000050300
200000000
040000000
106040005
000012090
002008003
098000400
000020000
300907054
000050001
000030106
200106000
030000200
000010000
400000000
098063410
650000007
000007000
000050001
200000000
005000009
000800200
000010000
400700000
000000000
000320000
000000000
000000000
000000000
070006000
130000070
003000000
000000000
000000002
000000900
320000000
007600301
000070009
000200106
000006000
003400708
000008003
098000002
600000900
000000000
000604001
030000009
170009200
000000005
560000008
010008563
000060000
000300000
001000050
907050020
070000000
030200100
000106005
000010708
010000003
000000000
050000007
300000000
087004300
800000009
100000240
000106000
500400700
000700000
008000010
004301000
000000004
000600000
000079046
000000100
009000070
000000000
400000063
090003010
050020087
001000004
900600001
800209000
000800000
000100005
063000000
402000563
000000000
000020900
001000004
000604000
000000000
030005100
200006000
000000000
010700060
000000000
000000000
000007050
900600020
000040006
006005240
000100800
060012000
000000060
700500410
050000000
020900000
000604000
000100240
070800006
049000000
000400708
400090000
090060012
050000007
001007650
907600001
036000109
000049030
009200800
060410000
012000060
000000000
604000000
000000600
000000001
806005000
000800040
049000070
000000090
010790000
000000400
600300980
000000604
080000001
070005030
830000000
100000000
500000000
000790003
700000400
000000007
000000000
900004000
030000206
000045009
000000875
000400000
000000003
708000002
000000000
001000600
080000301
200009006
070040200
000200000
500002098
402700003
700003400
000021007
301900000
900600021
005000200
000000009
049000000
060010000
000090000
090560410
000300007
000007000
000600000
070800106
000000200
000236000
503400098
410008500
700000010
000001000
000000000
000650020
000005000
000270006
009040000
060002000
000000500
000003000
004020000
000007000
007004000
006230000
000000000
009000000
000010700
400090003
700003002
604000000
300007600
000054320
000005030
005000000
000000070
000010000
000000060
000060002
600000900
300907600
087000000
040000000
105800046
030000070
000012008
002008000
700500400
600000007
000987004
000000000
000009000
040200000
200000000
000400000
410000000
090000000
054000000
000900050
000600021
800009000
000000000
009000000
000000700
000000560
000500400
604021007
020007600
900000000
000000030
000000000
000046000
063000008
402000000
098003000
600001000
000000000
080000000
005200000
006000200
200040000
000000700
400000003
000500000
000021007
001000000
900000000
006005009
000800006
000200005
000410700
000090063
000060410
000021000
300007650
007600000
000030000
800170030
000200005
000000000
000008000
700500000
000000000
300080000
007000301
000000000
000000040
000046005
000000000
010000000
000003010
004001080
000007000
907000001
000070009
070000000
009000070
003002000
000000060
790503000
050320007
000007050
000050300
075000006
000000030
100246800
500010000
000090000
798060400
600000000
001080050
900600001
000000006
840000000
130246005
003000000
002090500
008060412
050000080
301080004
000000001
000000230
070005040
009000000
000400000
012000000
008000400
000301007
000000050
080004020
000000006
000005200
000000000
500000708
000000060
000003010
000020000
300080050
900000001
030000000
800205100
246009870
503000000
012098503
000003402
000000900
001080000
007000000
800000000
179800230
000000800
000000008
000790000
790000402
600000087
321007000
900000320
070040200
000005006
200000005
500000000
410008000
090000000
050320080
000000604
000000001
070000000
000870040
000009070
500000090
400000000
090060000
050301000
001907600
900600300
009800000
800040109
006109070
500000700
402700000
090560400
004300080
020080050
080004000
800270040
070000000
000000000
000002708
402000063
000560400
654000000
000000000
980000020
070005000
800200000
000000075
003010700
402090560
790060410
004300000
000007000
907600021
000200000
130876040
006000870
000002000
000008000
000003002
000000080
001080000
900650000
030000000
000040000
000009075
003000000
400008500
000000000
004000000
020080000
000654321
000006040
000005000
000000005
000400000
002700000
700560400
650000000
000900000
980000301
800040000
000800000
000209000
500000090
000090500
790503000
050301007
000007600
980000001
000000030
039070000
000209005
500010000
002090003
090000010
000020000
001007050
080000300
000005000
000800100
046000000
500402700
000700000
000060410
600020000
020000004
900004300
039800106
805040039
100209000
060000000
000008000
090003000
004300000
000080054
000000001
070100030
030000100
140009000
063000000
000000503
700003400
004021900
000000000
900600000
000000100
005000000
000009075
500000790
010090000
008500000
650000000
020900050
900004000
075000000
000200030
000000005
000412000
000000063
000000000
004000007
000080050
080000300
005230040
140800000
000000805
000000000
000000500
790000000
000320080
000000000
000654020
040000009
800000140
000109005
000000000
010008500
098500002
000000000
000900604
000004000
040000000
100000246
200140875
500000700
002700063
090000010
000021000
300000054
000050000
009000000
000070100
000009005
003010008
000090500
000000002
000000007
000080050
087000300
800005006
000800000
030109000
000000000
000098003
098000000
004320007
000900000
000000000
100800000
800030000
200049070
500000090
002708000
000060010
054000900
000007000
080004001
009275000
170030240
000000800
000400090
010000000
090500010
050000000
000900000
000000000
805000209
040000130
000040005
060400790
000790000
000063000
004000080
000000000
007050020
070000100
000000000
036040000
500010000
400000563
000500402
004000980
001000600
007004320
000100000
000005100
030009800
003400000
010000000
000000000
050000000
020980000
000054300
000006100
009100006
030000000
500012000
400090000
008000400
054301980
000000600
007050301
000000040
005000109
100000800
500002008
002000003
000060000
000020000
320087004
000054301
070800140
000070000
030049005
060400000
002000003
000060410
004000080
000900000
080000300
000000000
200800000
036000000
000012000
002000060
000503000
000000007
020000604
900000301
009805030
005000040
030000800
000000000
002008060
708503002
604021007
021907600
000000000
205000000
030870005
800000000
003000000
010708000
000003000
000021980
000007000
000650320
100806009
000000000
000000006
063402000
000700060
798003410
004321007
020907004
007004000
030000009
006030075
000000036
000010090
010700500
700063400
600020000
000007000
900650301
000000040
000000005
009005000
000000000
002008063
000003012
600301000
000900000
907004000
240000000
000000040
800005030
063400700
010700003
000000000
050021007
020087000
087000000
006000000
000076000
000040006
003000700
000798003
700003012
050000007
001980000
000000300
200000045
000830070
800200030
000012008
410000000
090000002
050320007
020000004
907000300
000000040
040000000
000000036
500012000
000700063
090003000
600001000
000007050
900000020
005206000
030070205
000000130
003000008
002700000
000060000
000000000
301000000
000000001
040036000
030209040
009000000
000010700
400090060
008063010
050000087
000000000
080000000
100006000
800039270
200000000
500002090
400000003
098063010
604000907
000000000
000050300
000006009
000000000
070800130
060000000
010008003
000560010
000320080
020000004
080050300
046200005
030100000
000040000
000000008
000700000
000000000
650000000
300000050
000000300
000000200
005076000
009000100
000000090
000000503
000500412
600000080
000007000
000004001
036000005
000000000
070005000
060000000
002098000
700060400
000021000
001000600
007050000
000000005
000000000
000000136
000000090
000000000
000003000
650001000
001900000
907050000
030046079
000000040
000070000
063012790
000000000
008060002
000001080
300000000
980054000
005000200
000039005
000070000
060002700
002790060
090000000
054000000
000000004
080054320
000006840
130800075
000200130
000000008
002790003
090000000
000000000
001000000
000000000
005800009
030100070
800005130
560002700
000000000
000060000
000001000
001007600
007054320
000000000
000000000
840205030
000002700
400000000
708003000
600000000
000000000
000004000
036040000
005000000
000005130
060010090
000000500
000000000
004001000
000087050
007004001
070000005
100000000
000200036
063010000
002000000
000003000
000300080
300000000
000000320
000800040
000106079
000000100
000000000
400000500
790500002
000320000
000000000
087600320
000000000
000139000
009000030
060000000
000700560
008000010
600000000
300000000
900604001
000000070
170039800
000000030
500012008
000000063
700500002
050000907
000000600
000000321
000000840
000049000
200075000
003010000
002708000
090000000
054021000
001080000
000600301
075000009
000009000
009800030
060410008
000000563
000500000
000000900
021900000
980000020
006040805
070106000
009000000
560000790
000700060
000560002
000000000
300000050
980600021
800000000
100000009
000000100
060000000
000000060
700063000
004000080
000987004
980600020
000030000
800000000
000005000
063402000
400000000
008000002
000001900
000900050
080050000
800100000
000200000
200005006
560000090
400090003
090063000
650000000
000000000
900000001
046000800
000000040
875040106
563002000
000790060
000500012
000020900
020007600
900000300
000800000
000006805
000200030
500400008
010708000
700000010
000000900
020000000
007604320
000005809
009000070
075000030
000000098
010000003
700000000
000000900
020000004
000000301
000000040
009036000
000009100
000400708
000090503
000503000
600301900
001000000
000050321
209006005
000005040
000000130
500002000
010700003
708500000
600020000
000087050
907000300
009000075
006000000
870000000
003000000
012798000
700000000
000300007
020000600
007050000
009000040
000000009
800040000
500000000
400700063
000500400
050300087
001900000
087004000
000006200
006030000
075000030
003000700
000000000
790060400
050001000
000000600
000604000
000000000
030000000
000000130
060012008
002700500
090000410
000001900
001080050
007050000
006005000
009006000
000000100
003000790
410090560
700000000
050000007
001080600
007650000
000000009
009030200
000800006
003400790
000000500
000500000
600320080
001900000
000050000
800005209
000000070
000049106
000402090
410000003
790003000
050300007
021000004
900050000
000200870
800005000
000009036
003000000
002000500
000000002
000000000
020900004
080000000
000000200
036075809
070000000
000000000
402708000
000003002
050320087
020000600
080000001
100000000
040000000
200800100
003412090
002700003
000000002
000321900
000007000
000654001
009000000
000000009
200809036
003000708
410000000
090060010
000020007
020000000
000000020
000040009
000000000
000200000
503000098
000000500
098500010
004000907
000007050
907600000
000000000
070106840
000070000
500402790
410090500
008000002
650021080
000080054
907650300
070100000
109000000
040000030
000400700
000008560
000000002
000020000
001900000
000000001
076000009
030100000
000070030
500000008
402000500
700003400
004021000
000000050
000000300
200100800
000000209
000000006
000410708
010008000
008000400
600000000
000007000
980600020
009800000
200005040
000070000
003000708
400000000
008000010
050020900
000087004
007054000
070006040
000800209
000000000
060010000
000000500
008000000
050000900
020000050
007004020
000806200
236040000
040070006
000000090
000090060
708500010
600000080
001900000
000050020
030000000
800000240
000000000
000010098
002000000
090503000
000301007
000007000
000004300
000100200
000000005
040800000
003412708
002790500
090000000
600001087
001000654
000004021
070000040
009006000
000009006
000400090
000790003
700003010
000021080
001980000
000600300
070000200
100200070
200070030
003010000
400008000
000500000
604021980
320000004
080000301
100006800
000000000
045000106
560000708
000000000
790060002
604000000
000007000
980000021
000000070
170000840
000000030
000412090
000000000
000000010
600001000
000087000
000650001
079000000
806100200
000009000
060002000
000000000
700000000
004000080
000080050
000600000
000130000
000000009
005800106
000000000
000000063
000000010
000020000
020000050
080654020
000000870
000000040
009000200
500000090
000790000
090503000
600000900
321000600
000004300
000006000
000200000
000000000
000000000
000090060
000000000
000000900
000000050
080054020
000000000
000830000
879045200
000400000
002000000
000500400
000000007
000007054
080050300
000000109
040000000
800000000
500000700
000700060
098000010
600320000
000000600
900050000
000000005
200006100
000000236
000000098
000000000
708000400
004000000
020000000
007600000
240000000
005070840
800040030
000400000
002098500
000560000
000000900
320007000
000000000
000200800
000030000
000005000
000002700
402000500
000003002
004020000
020007000
000000020
000070000
005000870
000000206
000000098
402700500
708000402
050300080
300000000
000600000
005130000
000000005
000000200
000000000
002098003
700063002
000020000
001000000
900604000
800206100
206000000
009000000
060400708
010000003
000500000
000020900
020007000
000000020
005006009
006030000
000040006
000410090
002000063
000500400
004001000
000080050
000000000
805000109
000000005
000000230
060410008
012098000
000000012
000001000
000080050
000050000
000000870
835000140
079040030
060000000
002090500
000000402
004021000
300087050
000600021
000230000
000000000
100000200
500000700
000790000
090000000
650001080
300087000
007600300
000170045
005200079
079040000
000000700
010000060
098000402
000300080
000007000
080650000
030079000
200030000
000800000
500000000
002090060
000000000
050320000
020000650
080004020
000000070
000000000
000100206
560400700
012700000
790000010
000000000
000007600
000000001
000000070
070039005
840000000
500000090
000000003
700000000
000001900
000000600
000000000
100006000
000809070
040075006
060010000
012000000
000003012
004320007
301007000
007000300
000830040
030040870
800075036
000000090
002000000
098000400
000001080
020007600
980000320
006000070
005036000
000105200
500400000
400090000
090000002
650000000
001980050
907000300
230049000
000000009
849000006
000010700
000008060
000000000
000001007
000080000
080000000
106000005
005000100
800005000
500000000
400000000
700500010
600001000
000900050
900050000
000000105
100000000
000100000
063000000
000090000
000060000
004300080
000900000
900000000
200040000
000000040
140805030
000012000
010000000
008000400
600020000
000080054
000000000
005006000
006009000
000005000
003402000
400708000
000500002
604000007
300000054
000000000
070130000
006000105
000000000
000400000
000008060
008000412
000000087
301080050
900000020
000000000
206040000
000070000
003000090
000000003
090003000
600020007
020987000
000600300
200000070
070000000
040070000
003000000
002708003
008000002
004300000
000000000
000000001
000009000
000000809
000070230
060000090
002000560
000000002
600320000
000907054
900004000
206100000
000046000
000000036
000012008
010708060
008000000
050000080
000007600
007004001
806009000
030006809
040800030
003400000
402008063
708003412
054020080
021000600
900000301
006200809
030006000
000000200
000410700
000790060
000060002
050300900
320080050
087050021
000030000
000006805
070000000
563400090
000700000
000000000
000020907
301000000
000000021
000070000
200836070
000100030
000012000
000000000
790500000
000301080
021980050
000000020
200005100
100036800
000040230
003000008
000000503
098000000
000301080
301007000
900000000
140030000
030800000
870000200
000000000
002000000
008060010
000000007
000000000
087050000
200006000
030000800
805040230
000400000
010090503
000500002
000000000
300080000
907004300
130000005
040000100
005000030
000000000
000790003
000060000
000001080
000000000
000004320
200000040
000030070
000040006
000000090
000000063
000000000
000001007
021900000
000004001
000005800
800000040
070000000
003000008
002000063
008500000
604300980
000980004
080004020
840230009
200100805
170000200
003010700
000000503
008000000
600000000
001000004
900054000
200170000
000206100
005009000
000002000
000008500
000060412
000020000
001000600
907000320
000070100
009006070
100000000
503010700
000700000
700060400
600001000
000900050
900650000
209030070
000000000
100040006
000000000
400700500
000003400
004300000
001000000
000600320
800000000
036100040
105000000
000000090
000000000
008060000
000020080
000000650
000000000
200070000
000000109
070849200
000000700
000000000
098000002
004020007
300900000
900004301
009000005
000000000
000000000
000000708
002000500
000003400
054300900
000000604
980600020
036000000
079000000
805000036
000402000
000000560
000560000
000000000
001000600
080000000
200000000
100200045
000170000
000410090
002008000
000500000
000021000
320000050
000000000
006000040
009000005
000000000
000002008
000000500
008503010
000020987
000007604
000004000
270030100
030046000
040009030
003002700
000008000
008000400
650000080
001900000
900000020
100000005
000000040
000009000
503400000
000000063
090500002
650000007
001900000
907600001
200000000
000000040
005100006
003010700
000090000
008000400
000301080
320000600
900054300
009006040
000005000
000100200
000000008
400700000
098503012
004000080
000007000
080650001
279036140
006200009
000000000
000000000
012000500
098000000
004300007
001000000
980004000
000040000
800000000
000800006
003010000
000000500
000500400
000001000
301000004
007000300
006040070
009000005
040079200
503010000
402008003
000500400
000000007
000000000
000600020
200000000
000206005
000009200
063400708
400000000
008003000
050320000
000980604
000000300
000005000
030040070
040000030
503000000
012008500
008000000
000000000
001000600
007000000
000106800
800000000
100870230
000010000
002790000
000000010
000300080
000087004
000000321
809200005
200000000
000000200
060000008
000000063
700000000
050000980
001907050
000004020
070000000
000040000
000070206
000000000
010008000
000000002
054320007
020900054
900654001
009000040
006100000
040009006
000000700
010000000
008060400
050301000
300000050
007004301
005000000
800070000
000000000
500000090
000000000
000500012
600000000
000000000
080604000
800000000
006009000
200040000
000002000
000008003
708060010
000000907
001900000
000600300
030800249
006200170
209000030
060002008
000090500
008000002
050301900
300080004
000000001
005270109
000800000
270145800
060410090
002000003
700060000
650320000
020007000
080050301
000009000
000070040
000100000
500400090
000000560
000500000
050301000
000000000
000600000
000000100
000000000
209000006
500400708
400090063
708060010
000021007
020000000
000000301
030000005
800000070
070100000
003000700
000000000
700003000
000000080
001000004
000000000
000000040
000030000
000040806
000400098
000090000
098000010
050001000
300080000
007000020
800030079
200000005
000000800
500010708
400000500
008003012
000000980
000080050
080000000
005000000
000079205
100040000
000402000
400090000
090063000
050000007
300080600
087000000
000000040
000000105
079000030
000002700
400700560
000000412
050020080
300007000
007004000
000000000
800000005
100000000
000410000
000700003
790003010
000000980
000980600
000604000
800030000
000806009
000000000
000010000
412000000
700000002
600000900
020000000
000604020
040030105
005070000
000005006
003000098
000000000
008000010
000300000
000000600
000004000
030000000
200800000
009205000
000000000
400098000
008560010
004000080
000000650
000000000
206000100
005000000
009040000
063000700
000008500
000003000
004020000
000900054
000600000
030840070
000000100
000075800
060000000
012000000
000500010
000000900
301000004
007000000
005240000
170000240
049175800
000010090
000000000
008000000
000321007
300000000
000000300
000800040
030009000
009070000
000402000
002700003
000000000
050000000
000000004
000600320
000000100
030800200
249000030
003410708
000000500
090500000
000300087
000000000
000000301
106000000
070006100
000100000
060000008
000000063
000003400
000300080
020087000
080000001
000209070
105800000
040000000
000402000
402700000
000003000
000301000
000000000
987600000
106800200
000006009
009000000
000000098
000000000
008000012
000020007
020080000
987600000
000230100
030000000
000070000
003000700
000000000
790503000
600000000
001000000
000600000
000000000
006039000
100200036
000010000
002008063
090500402
054020980
020000600
087000300
030000000
000000040
100000030
500010000
010700003
000063000
600000000
020900604
080000020
070100000
230009000
009205006
503002000
000700000
790060000
004000000
000000000
907600000
000000009
000000000
100200006
000000000
000090503
700000000
004320007
300900000
080000320
000000270
200000109
000000000
003002008
400798500
090500002
000020007
321000000
000000021
006049000
005030000
000200000
500000000
400000000
000060002
000300000
000000000
000050300
800109000
000000100
100270800
500002700
012000500
700003000
600000980
000000600
907000001
070830040
805000000
040070836
060000700
000098500
000500000
000000900
300087000
007600300
000000079
800000100
270100830
003010008
000090060
000060000
000301000
020000650
080000000
800000000
000000200
270140000
000002000
000098003
000560000
600001900
000000000
907004021
000800000
000000000
005009000
503010000
410700060
000000000
050000000
000000600
900004001
000000040
040000205
000100006
560010790
400008000
008060002
600300907
001087054
900004001
000800070
006000000
005140006
560400000
400090000
000060400
004020987
000080000
000050000
800000005
030000009
070149000
000000790
000700060
090000000
000320000
001900000
000600300
009806245
040005070
200049036
000010008
400008000
000000000
004001080
000987054
900000000
000076140
100000000
000009000
000410000
410000000
090000002
004000087
000087050
007000020
800000270
009000100
105200800
003000000
000000060
098000000
650000000
000900600
080000301
000005000
800170000
005040806
000000090
400000000
700000400
600000000
000907000
980000021
000000000
209800005
100009000
500012000
402700000
008503410
000000000
301000650
000604300
000070100
800000200
070040030
063000090
002008060
090000410
000000007
000000600
000000000
000006000
006005109
100000000
000010090
000000000
000063000
600020000
000980604
007604300
000000070
006000000
100240006
503410000
010700500
790000402
004000000
320007000
087000300
030070045
000000070
170200000
063410798
400790060
000500000
650000007
000000004
000050020
209070000
840100009
000240000
560010000
400098000
000000410
650020087
300900050
900600301
100040000
000030000
200000800
000000090
002090060
090000000
000000000
001000050
087650300
036200000
070000040
040100000
000002000
410000000
000000002
000001000
000000600
080000000
070000000
800000000
005000836
000000098
002090503
008000000
000300007
300000050
000604000
870000000
000040000
200000030
500000000
010700000
008060002
004020000
001000050
000000000
000000005
006230009
005109000
000010000
010790500
008560000
050001000
300900000
000004000
800000100
100000200
000009006
000002090
000008500
008500002
004300980
021000004
000000001
079006000
036240000
200070800
500000000
000000003
790500002
054300900
001907600
000004001
070030000
000000009
200000000
003000000
400008063
000003402
000001000
000000050
000004020
000000270
000006000
005200000
063010008
000008563
708003010
004000987
000907050
080000000
200000100
079006040
040000006
000410700
000000500
000503000
604000080
000000000
080050020
070030040
039806000
040209030
060400700
000000003
700060000
000000080
000000600
900000000
000000000
000146070
005000006
000400090
000708000
790060412
050301000
000000000
080004000
009146000
006800009
000000806
500000008
000700000
708000000
000000007
000000054
007000001
000006005
006105000
000200006
000002000
000000000
000003002
000000907
300007000
000004300
000000000
200005070
105000000
063000098
002090003
008060000
000000080
020000050
007600300
000006000
000005270
000200000
000000798
000090000
000000402
650000987
300900000
080000300
000040800
040800200
000035146
000000000
000008060
700003400
000000080
000080600
900050300
000006270
000000000
070235000
000002090
000000500
000000410
604000080
001907004
080000021
045000009
100000000
800200040
000002098
400000000
000000000
650020000
000907004
080000001
005876000
206140870
070000000
500002700
002000560
000003000
000020980
000980000
900054300
000000000
040806000
000000046
060010000
012708000
790060000
000020900
000900004
000004000
000000205
000000800
000035146
060010008
002000060
098000000
050000000
021000650
000000000
000000000
000846000
070000006
000002000
000700000
700500000
000000080
001007004
907004300
100800000
000040870
870005000
000000000
010090000
000003000
000300080
000980650
007000301
100040000
000000230
000000000
060000000
000098003
098000002
000000000
301080004
000600000
030000270
000209035
000800040
003000090
000700060
700000000
600000007
001000000
900000001
140270030
006049000
000005100
000002008
410700500
008060400
000321907
300900000
000004300
005000000
006000800
070030106
060402700
000090060
000063000
000300000
000000000
000000300
000049000
800006030
000800000
060002700
400000060
090000412
000020087
301000000
080000000
030109000
000000030
000035046
503000790
000090000
700063002
000000980
000080600
900050001
000009030
000000279
000805046
000000000
000000000
000500400
050321000
000000050
007000300
040070230
000246800
070805000
000010008
010000000
090060000
000020007
001000004
007000000
000000000
000840030
000005000
003010090
000700000
000000400
004320007
320080054
000004000
040000009
000049000
000005000
500400098
010090560
090500000
000301980
000007050
080650320
005000000
006000070
000070000
500000790
002008003
008000000
004000000
001980000
007050000
170800200
206100005
000005046
003000098
000090000
008560000
000021980
300087004
007600001
200000000
075000000
009005006
000402000
000000000
008560410
000001000
021900050
000000300
040000000
200000000
000005000
000000090
002008000
000000000
000020000
000000000
000000001
070000000
100000070
000275000
000000000
002090500
090503000
600000000
000000004
000000300
000800030
040006079
009070140
000002000
010098000
090003000
000000900
300980004
007004020
000000009
870000000
039800000
000402008
000000060
000000000
054300007
000000000
987004320
000100009
000040000
200000006
003000700
000000500
000000400
004020000
300080054
907650000
000040030
006000270
209000000
500000090
000008003
700500400
050300080
001907050
000604300
075000009
006209000
200000000
000000000
000000060
000063010
600021007
020080000
000000300
000000000
070006009
000000000
003400000
000090500
090060400
050320087
000000050
980050021
000100000
000006000
200005000
503012008
000790000
000000000
000001080
000900000
080004300
000000005
000000200
039000100
000000090
000000560
090000000
000300000
001087000
007600300
800100000
100000070
000800046
060000000
410700000
098003010
050000000
300000000
007000320
000000070
140800000
075200100
000400098
002700500
000000002
600301000
020087000
000000001
000805070
040000800
005039046
060000000
000000060
000500000
000300007
320007004
000000001
000005000
009800005
070230040
000002708
012008003
008000002
600020000
000007000
080000000
040800000
000000005
000009040
000410008
000700003
700000000
650000000
300000054
000650320
039000075
000005030
800200000
500002090
000000560
798000010
600021000
000980000
907004000
109000005
006105800
800200100
500010090
400000000
090000010
650001000
020080000
000000020
200000000
100000000
000000000
060000000
412098003
790000002
600020000
300007004
000600300
100000000
036005009
000009000
060010008
010090000
790503000
004000000
000080650
000000301
000000000
000070000
000000000
063402000
002000003
708000000
004001000
000000000
907050001
806000000
000070005
000000000
000400000
010090500
090500402
004000000
001087000
000000300
100000800
800000000
205039006
000000700
000090000
700000400
000000900
000900004
900600320
000070009
030000875
000800006
503010000
000708000
008000000
000000900
001007604
000000320
039206870
006005000
000000006
000012700
000008000
000060000
650320000
020900004
007004001
009006070
106270000
000830006
500410000
400000000
000000000
004000000
020000000
907004000
100006000
800000000
270000106
500000000
000000003
708003002
000001007
001087000
907654000
009006000
000000070
070009000
000412090
410700000
008500000
600000007
000000004
000004001
000000000
079800005
030000006
003010000
002000000
008060000
000020980
021007000
980050300
000005000
070000030
000009000
060400700
000008060
090000000
000301000
000000050
980000020
070000009
000800000
035200006
003000000
000000500
008500010
050000000
001900600
000000000
000000000
200036070
000270040
063000090
000700003
090000400
050001007
000087004
000000001
000000000
000000009
030000100
000002700
010700003
098000000
000020900
300007050
000000000
140800000
000000000
000209040
060000708
010008500
008563010
000000007
001007600
000604300
000000000
100800200
830070006
060012000
000000503
000060410
600320007
000980000
000004300
100000000
000005000
000000040
003010090
000090500
700060402
054021000
000000600
000050000
006030079
009000000
235800000
003400000
000700000
000500002
050001000
000080004
007050300
806000270
100040030
000070100
500010008
000008500
000503000
000000080
301087000
080000001
170240009
000000005
005800100
003000790
010700560
700500012
000000000
001000000
000000001
006000009
009200000
005009000
000000000
002798000
000500002
650020000
000007050
000000020
009030070
070000009
205070000
503002708
402700003
090500400
000300000
001980000
900000320
000000000
070000800
000800140
000012700
000700003
790000400
000300907
320000050
907000021
070006005
846030000
030800106
000000700
000008003
790063010
650020087
000000050
000050301
870000000
040005809
030009000
000000708
002700000
700560002
000021080
000007004
907000300
030206000
246000005
009000000
003010000
410090000
008500402
004301000
000000604
000604000
030000100
040000000
009030000
060402090
002000500
000000012
054000000
000000600
000000300
000006030
000009000
800000006
003410090
400098500
790503000
000020087
000000600
907000020
000070000
006000875
009000206
003012008
410090000
000000000
000000000
000000000
000000300
006040000
240000000
000100000
560002700
000000503
008000000
050000080
000000054
000600000
000000005
000070000
000030000
060002008
000000063
700060000
050001080
000980600
007604021
100000800
200040009
879000006
500002000
010000000
700000000
050000000
020087004
080600000
040809030
005206070
070000000
560410000
402000003
700000000
600000900
001000004
007600000
000040000
800000005
009800000
000000708
412000060
700500400
000000007
000000000
900600001
000000109
000070030
070800040
003400000
010000000
008503000
000021900
001000604
000000021
240000839
806040000
070000246
060400000
010000003
000500010
600020000
020000000
980000000
000200100
200140800
170805200
003002090
010008563
700500000
000301987
300087004
980600000
036140075
000200009
070005000
500002090
402700060
790000400
000300000
301000600
080054000
806000170
000100800
000005040
060002090
412790503
098003002
000300007
301007004
080650000
046009005
000006070
100835200
000010000
400708500
008063012
604001900
000087000
000000020
000000030
005100009
000035240
500002000
402000000
700060002
000000007
300087000
900050000
100006000
276800000
800005040
500400090
002000003
708003400
604000007
000007054
000000000
045800000
070009000
800005000
063000008
000008000
700000400
604001900
020900000
000004000
100040000
040000075
009070000
000400090
002000000
700000000
000020000
301080004
080600000
270800100
100000005
839000000
003010000
412000500
000000400
000000080
300907054
000000000
106039005
200006030
030005006
000410700
000090500
090000002
000001080
321080000
087000020
200000075
000046000
800000200
060000708
000000560
000060410
000320080
000087004
000000020
000000000
045000000
800075040
000000000
000000000
090500400
000000080
020900000
000650001
070009000
000230000
000000006
000412000
000000003
090500010
054300900
021080604
080000021
005106800
876000000
100800206
063000708
000000560
090500410
604000000
321900604
080000001
040200000
070100830
000000000
060000000
002008000
098000002
600000900
000080004
000600301
075000809
006030000
000000000
000402000
002008060
000500010
050301007
001087600
000650000
000000030
000039805
109000040
060000008
010000000
008000400
000001087
001900600
080000000
000000000
005206039
030070200
060010008
012000060
700000412
000000000
300007000
080050000
800030000
000046009
000805040
503400790
000090000
700060000
000001900
000987650
987000000
000000000
000200170
030000000
060000090
000000500
000003000
000300000
300000000
907650000
070000100
000000800
009075006
003400008
400700000
000000000
050000000
000007000
000604000
000000800
049000005
800100000
500000790
410000000
708000400
054000087
020000000
000000000
006005000
000000800
800000006
560000000
010008000
000000000
050301000
000900600
000600000
000070830
000006005
870000240
000000090
400000060
098003000
004020000
001900000
000000001
200805100
100000070
000000000
563002000
000000003
008000400
600020000
300007050
080000000
000000870
040000100
000000040
000400008
000000063
008000000
004001000
001900600
080000001
000040005
040000009
070030000
500400000
002000000
700003000
004021007
000000054
900604001
009200000
000000000
075100006
560000090
002090003
090003410
600300900
300000000
900000020
000000000
000000800
005000040
560000000
000000000
098003012
000000080
000007000
000000020
000100000
800076030
070030040
500402000
002090000
000000412
600300980
000000650
000054300
030200000
009006000
000009200
000400000
012098500
090000010
600000907
000000604
980004000
200000009
800000000
170000000
000010008
400008000
000503000
000000000
000000604
900650320
000000000
200106070
000000000
063010008
000000060
708003002
000301000
321000600
000000000
039006070
000200030
170800006
000002000
000090000
000000002
004001000
000000000
000600000
800006005
000005000
000000000
003000090
410000563
000003000
600000087
020007000
000600300
000000000
000005000
170009000
003400000
010000560
008060002
004000080
000900000
000004300
040076005
000005000
070830040
563000000
000000500
700000400
004300007
301900004
080050001
000200000
000840030
005070000
060010090
410000000
000003402
650000080
000980050
007050000
240800100
009000800
005000000
000410700
000000000
000500000
000001000
300000600
000650020
000240030
200806005
000000000
503002000
400000003
000560400
600000907
000007000
087000020
006000000
140036000
800000000
500400790
002000063
090060010
600001900
300900004
000600001
000206800
000040039
800000040
060010090
010700000
700000410
000320900
000080000
080050020
040000000
106000000
005170200
503000008
410000000
000000000
000001000
000900000
080050020
100040030
200005100
005000000
560400098
000000500
000500010
000000000
000000604
007600000
000040100
140200000
830170240
063000000
000000500
000060002
050000000
000000000
080600320
000100879
800006000
100000200
000010708
000008000
790503400
000000000
000080650
900050300
800035000
270000830
000800006
003000700
010000000
090003400
600000900
020980000
907050000
006005000
800000105
005009240
003010000
010000000
098000002
004000087
000007004
987000001
070040139
200006800
000870000
500002000
010098000
000500400
000001080
000007650
000650000
040100000
000000000
130009040
003400700
002000000
000003010
050301907
300080600
007000000
040000000
206105000
000000000
560002090
002000003
000000002
000000000
000000054
007050000
070006035
000000079
005000240
000000000
000090000
000003012
000000980
000000000
080600000
070000005
000000000
030070240
000012700
012090000
008000410
000000987
000000004
000050020
000806009
000070005
000030006
063010000
002000000
000500400
650301080
020080654
000050301
000046100
000000200
200100000
060400000
000000060
090000002
000000900
301007050
000000000
040800000
800000070
000130000
000010700
002700063
708000400
000001000
000900000
000000300
040200100
000000075
000005006
060002008
410090000
090500010
050001000
320000050
900000000
000040000
000070000
070035000
000410008
002000060
000000000
000300000
300900654
007050300
800000005
100070200
000000000
000002790
010000060
000060000
000300000
021980004
007600000
040009000
800200070
009000006
503410090
000708563
000560000
004300000
001000050
000004020
006000000
000000000
000035000
000400798
000090000
090063002
054000987
000907004
000600021
030040009
040009000
100000040
000010000
002700000
000000000
004000900
000007050
000050000
005000000
000079200
009000806
003400000
010000500
000503002
000000000
300900600
000054001
040076200
236000100
070030840
000010708
010090003
000500000
000020007
000000604
000600001
000070109
006109005
000235040
060000000
000008000
090500400
600020000
300007000
007050300
836040000
000006000
000000840
003402098
412000063
000060010
000300900
000007650
900004000
206849105
005076200
100235800
060010000
010098503
000060400
600000000
000000000
007050300
046000000
030000000
079000840
000000098
400090060
000500010
000000000
020000000
000600020
000009000
800000000
070000040
000010700
402000560
708000002
000020087
020900000
007600000
000036009
006200000
209000000
000000008
412708000
000000000
004001900
300007000
000600001
800000000
076840200
000005000
500000090
012008503
708503000
004301900
000987050
080000300
000000000
800000105
009000040
000010000
000700000
700500010
650000080
000080000
000604000
005006000
100039275
000005000
003000700
000708000
090560400
600300000
000000000
000600000
106000000
005200000
230005000
003012098
010008500
090003400
000000980
301080600
900004320
040039100
005040000
039000000
003000000
402090000
090063000
650000087
000007050
900000300
000000005
000006000
000000840
000000700
002700060
790000000
000001987
001080600
080604300
000040000
000800009
200100006
003410000
000000000
000000010
000000000
320000000
087000000
000030200
200009030
000000800
000000000
000098000
708000400
004021900
000007000
900050000
200000000
000000000
130000800
560010790
002790003
000000002
000001080
020087654
007600021
070006039
046830000
130275800
000000000
400000500
000000010
000001900
020000600
900054000
200006100
800000205
000200006
003000000
002000560
090500410
000000080
020000000
000054020
000000000
000840030
009070040
563410000
000000000
000500000
050000080
000900000
900650300
000000170
070100000
009005000
560002000
002098000
090060012
000021080
320007604
007050000
000100005
200006000
130000846
000000090
400000000
700060000
600000007
000000050
907604020
206000000
000106270
000000800
000000090
010000503
008000000
600020000
301900000
000000000
000840070
009270000
275000040
000002008
000008500
008000000
000301900
300000600
900004000
036000000
009000005
200130040
563012000
000700003
708000000
600000000
000007000
980654000
140070000
800040000
200000800
000400090
410090003
008060000
000000007
300000000
000600000
006000030
030046000
270000000
003002708
010000060
000000400
000000000
000900600
000004000
000000000
040005000
000000846
500000098
000000003
700063010
000000980
300000000
000004001
030000175
000000030
200009006
503000708
000090000
090500402
600301000
020000600
007000001
000076030
030040000
005030000
000010000
002700000
790000000
004000900
301907000
007654300
840000000
006040000
070000040
000000000
400008063
008500000
000320000
021000000
007000000
000100070
040000035
105030840
000000000
410000000
000060010
000320080
000007000
000000000
000000070
009000000
105030000
000400000
000708000
000500002
600301000
001080604
007000000
006000009
030040100
100200040
000010090
002000563
008500000
600000980
300000054
087000300
000800000
030106000
070200040
003000700
400000000
700000000
600320900
020900654
980600000
030000205
006870000
100200840
000000098
400098003
700000002
600000907
021000000
900050320
230000000
000070000
000000006
003402000
002008500
000500400
600000000
000980650
087054000
809106000
036000100
005030800
060002090
000090063
700000410
604000000
000007604
000000001
209000000
800000070
005039000
003400000
000000500
000000402
000000000
300000000
000000000
040000000
070206000
000070040
003010000
000700500
700003402
600321000
000000050
900050001
800005109
070800230
000079800
060000000
010008500
000000400
000000000
000907050
000050020
070805209
009000100
000000000
000002000
402000060
000000400
004000007
000007050
080000000
000240009
100036200
035009000
563010090
412790000
790003402
650320087
000000600
900000000
000830005
870200000
230000000
063000700
000000500
708560002
000000080
000080600
000000021
000000000
000000239
000000040
060000000
002708560
000060000
000300000
000907054
080004300
100040000
806000009
000000000
000002090
400798003
000000000
004000980
000000004
087000300
800046000
040030009
205000800
000012000
010008500
090000000
000020900
001000000
000004321
000105009
070000030
000000040
000400098
010000003
000000002
600301907
001087004
000604000
000000070
000046200
105009000
000002008
012000000
090000000
600000000
001980000
080050000
070100030
009000000
000000000
500002000
000000003
700503000
650020900
000000000
007004300
200000030
000130000
005000000
500000090
000000000
700060010
004001900
320007000
000050021
000100075
006800000
000000006
503002008
000008503
090000010
600300000
000000000
907050000
040000070
800000239
000000006
000002000
002090500
000000000
600320000
001087000
000000021
000040000
000000109
000079046
000000008
000708000
000003000
000001000
020007004
080000000
070000000
000100009
005270000
503002700
400000003
000060010
600000080
000000050
080050300
030176040
076000235
049000000
003400000
000000500
000060010
600000907
300000054
000004001
005006000
006000000
000000000
060000000
002000000
000003000
000001000
000000000
007000000
275100000
036000040
000030000
060000700
012000003
000000400
000000980
300000000
000000000
005000009
000009805
000030076
500000000
012000503
000000000
000300080
300000050
087000301
006100000
000800200
000030100
503000708
000708003
700000000
600020007
320000000
980604300
000000000
200000009
000000000
000402000
410000060
000500010
604001000
000007050
900004000
000049800
100800240
000030000
500000000
400708003
000500000
600020007
021900000
907050001
100040000
000000849
049030070
500400000
000090503
008000000
604300000
000000000
080000020
100000040
800009230
200000000
000000000
000000003
000000000
000000000
320000600
000050000
030000200
170000030
009830000
000010000
400700500
708000002
004000000
000900000
080054020
100206039
800000040
040000070
063400000
402090500
008000002
600000900
320087000
000000001
005146000
030200000
009800100
000000700
410000000
000500400
000000900
000080000
007000320
030070005
805040200
000830006
560002000
410000000
000500000
000301007
000007000
000004000
006000000
000200000
200805100
060000000
000008560
008000402
000000980
020980600
907004301
100040030
030000200
040000000
000000000
412000003
790000000
604000007
320980004
000000320
800009005
100070000
009800000
000402700
000090000
090003400
004000000
000080000
000000020
000106000
000800000
000000000
060410000
000000003
098000000
654001900
020900004
000000021
000800000
000170000
000005006
003000700
000000000
000000000
050000000
000900004
980000001
040000800
006030000
830000000
003402000
000008500
000060000
000000000
000000050
007604300
100000030
200000005
009200000
000010090
002700003
000000012
000320007
000087654
000004020
200000000
005870000
000200070
503000700
000000000
708503010
000000080
000000600
087050300
000039000
000000800
009000100
000000098
002000000
000500410
000301000
020000600
907600000
240009000
100000040
830000070
560410708
410000560
790060002
000300080
000900600
000600001
146800200
000006800
030000106
003000700
400000000
008000000
050300007
000000000
080004020
000000040
046170205
000805006
003000008
402000000
700000010
604021000
000900050
000054000
805006000
100000000
200000000
060000700
400700000
090060400
650020000
000987650
900600021
100206000
800139200
009000076
003000008
010008000
090000000
000000000
001000650
007000000
040000030
000000040
200000006
063402000
000000003
008500002
000000907
000000050
000054020
070000045
040100009
000000000
060000700
402000060
008000000
000021007
000000654
000050020
006100005
140000009
000800076
500400000
002008000
000003002
054020000
000987000
000000021
000070000
000006000
000005076
060400090
000090060
090063002
004000080
000080004
000000000
040100205
000000000
000800000
000000700
000000000
000000000
000300000
000007000
080600020
000100840
000000030
000000000
060402008
002790000
000000000
000020007
300000050
080600001
030005000
209100000
000230000
003002008
400000003
000000000
000020080
000080604
900604020
006005009
130000205
000030006
000010090
010000000
000500000
000000000
000907000
087000020
000000000
009000005
840009000
500402008
000008503
708000402
050300000
001007000
900050300
009000000
000040000
005009100
003010700
410700503
098060000
650021000
000007000
080604001
030006000
070000830
000030076
500000000
400090000
798063002
000020000
000080000
900000021
000000000
130800240
000200070
000400000
002700000
000060402
000021080
020000654
900000020
009040000
000005040
040000000
060000008
010000060
000000010
650000907
301000050
080050020
