245136789
137859246
869247135
472518963
983762514
516493872
658321497
321974658
794685321
145236789
236879145
879145236
563412978
412798563
798563412
651324897
324987651
987651324
234675189
195834276
867129345
371462598
526798431
948513762
659341827
412987653
783256914
134578269
256139874
789246135
563412798
412897653
897365412
325781946
641923587
978654321
245139876
136857249
879246135
562314798
418792563
793568412
651423987
327981654
984675321
142537986
536189247
879246135
263415798
451798362
798623514
685371429
327964851
914852673
235169847
147835269
689247135
312496578
456718392
798523416
964352781
821974653
573681924
123859647
645137829
879246135
562413798
418792563
397568412
254371986
736984251
981625374
146235879
835179246
279648135
563412798
412897563
798563412
654321987
327984651
981756324
846135279
135279846
279846135
563412798
412798563
798563412
654321987
321987654
987654321
123765849
548139276
679842135
231456798
495278613
786391452
814523967
367984521
952617384
836172549
145639872
279845136
362514798
514798263
798263415
451326987
923487651
687951324
135296478
846173259
279548136
523819764
614327895
798465312
462751983
351982647
987634521
245136879
139875246
678249135
563412798
412798563
897563412
756321984
324987651
981654327
123459678
546837219
879126345
235614897
418793562
967285134
651972483
782341956
394568721
134257689
856139274
279648135
562413798
317892456
948765312
693521847
721984563
485376921
134925678
675834291
289176345
563412789
412798563
798563412
856341927
327689154
941257836
135248679
276139845
849756132
413892756
568471293
792563418
654327981
321984567
987615324
126345879
345879216
789216435
567432198
412798563
893561742
654123987
231987654
978654321
176435289
234198576
859276134
513624798
492817365
768953412
941362857
325789641
687541923
125469837
768135249
349278156
234516798
571892463
896743512
657321984
413987625
982654371
135248679
276935841
849176235
563412798
412897356
798563412
654321987
321789564
987654123
275134869
136589274
849276135
412695783
563718492
798423516
954861327
321947658
687352941
135489267
276135849
849276135
562814793
413792586
798563421
654321978
381947652
927658314
123546789
457189236
869237145
396415827
512798364
748362591
674821953
235974618
981653472
138456279
567129843
249837165
453612798
671598324
892743516
715364982
324981657
986275431
132475689
465189273
789236145
247518396
316792458
598364712
654821937
823947561
971653824
816235749
275149836
439876125
563412978
142798563
798563412
624951387
981327654
357684291
135249876
876135249
249678135
462513798
518792463
793864512
654321987
321987654
987456321
132458976
456179283
879236145
563914728
214783569
798562431
641325897
327891654
985647312
175236849
238945176
649187253
863412795
514798362
792563418
451329687
926871534
387654921
873149256
156237489
249856137
435612798
712598364
698473512
587364921
324981675
961725843
213546879
845179236
679238145
536412798
482793561
791685423
954321687
128967354
367854912
135846279
279135846
648279135
593412768
412768593
786593412
951324687
324687951
867951324
234175689
156289347
879346125
513428796
462917538
798563412
327851964
641792853
985634271
135846279
249137856
876259134
562384791
314792568
798561342
651423987
423978615
987615423
246135879
135789246
879246135
361427598
452698317
798513462
524961783
613872954
987354621
123856479
549173268
876249135
215438796
468791352
937562841
691324587
352987614
784615923
129573468
435816279
678249135
513462987
246798513
897135624
964381752
351927846
782654391
135879246
246135879
879246135
413562798
592718364
768493512
654321987
921687453
387954621
142369578
638175249
579842136
283416795
415798362
796253481
857624913
321987654
964531827
125376498
346189275
879245136
518432967
263798514
497561823
654913782
731824659
982657341
134256879
785139246
296874135
563412798
412798563
879563412
658341927
321987654
947625381
831276459
479135826
256849137
362417598
915628743
748593612
183964275
527381964
694752381
125436879
436789125
879125436
548612793
712593648
693874512
254361987
381957264
967248351
235146879
148279536
679385142
563412798
812793465
497568213
354621987
921837654
786954321
139245786
475186239
286379145
341528967
768491523
592763418
654932871
923817654
817654392
835124679
147369825
296578134
423615798
518497263
679283451
751832946
362941587
984756312
235146789
179385246
846279135
562413897
413798562
798562413
624837951
351924678
987651324
135846279
279135846
846279135
563412798
412798563
798563412
624351987
351987624
987624351
273196845
146825379
589473126
615234798
492718563
738569412
964351287
321987654
857642931
173456289
269187354
845239167
437512698
692748513
518693472
754821936
326975841
981364725
234175986
156839247
879246135
367412598
412598763
598763421
645327819
723981654
981654372
123546879
574893126
896271534
365412798
412789653
789635412
651324987
937168245
248957361
139546872
274138659
856279134
562413798
418795263
793862415
645321987
321987546
987654321
173459286
256183479
849276135
965312748
412798563
738564912
524631897
381927654
697845321
135246879
879135246
246879135
563412798
412798563
798563412
651324987
324987651
987651324
185246379
279135846
346879125
523417698
417968253
968523417
652391784
831754962
794682531
134257689
256849173
798136245
345612798
862975431
971483562
619324857
523768914
487591326
137856249
259143876
486279135
562417398
714398562
398562417
641725983
875931624
923684751
135249876
678135249
249867135
563412798
412798563
897653412
751326984
324981657
986574321
819345267
375216849
246789135
123478596
564192783
798563412
437921658
651837924
982654371
179235846
234186579
586749132
365412798
417398265
928567413
641823957
853971624
792654381
172395486
635184279
849267135
513472698
296518347
487639512
358721964
721946853
964853721
146235789
235789146
879146235
513462897
462897513
798513462
321678954
954321678
687954321
245836179
136279458
879145236
312468597
564792813
798513642
651327984
423981765
987654321
132546789
945827136
876139245
563412897
214798563
798653412
657381924
321974658
489265371
234875169
156239478
789146235
573412896
462798513
891563724
345621987
627984351
918357642
145239876
236578149
879146235
468315792
712894563
593762418
651423987
327981654
984657321
142836759
635279814
879145236
593462178
214798563
768513492
456321987
321987645
987654321
124879536
586134279
739265148
863412795
415793682
297586413
641328957
352947861
978651324
231856749
546379182
879124635
153462897
428791563
697583214
315248976
982637451
764915328
236145879
145789236
879236145
563412798
412897563
798563412
351624987
624978351
987351624
234156879
785239146
169748253
596412738
472983615
813567492
648391527
321675984
957824361
235146879
849275136
176839245
563412798
412798563
798563412
654321987
321987654
987654321
812365749
345179268
679248135
123486597
564791382
798523416
256834971
937612854
481957623
243159876
865274139
179836245
536412798
412798563
798563412
654321987
321987654
987645321
248139567
369275841
175648239
853412796
624987315
791563482
516824973
432791658
987356124
132574698
645189723
789236145
563412879
421798356
897365412
354621987
278943561
916857234
235748169
846139275
179256348
568412793
312897456
497563812
654321987
721985634
983674521
135246879
249837156
876159234
513472698
462398517
798561342
654723981
321984765
987615423
231546789
465789312
789132456
143267598
692458173
578913264
814625937
327891645
956374821
146237589
235849176
789156234
572614893
813792465
694583712
468321957
321975648
957468321
235867149
174239856
689145237
513426798
462798513
798513462
826351974
341972685
957684321
135246879
279835146
846179235
563412798
412798563
798563412
654321987
321987654
987654321
235478196
176935842
489126537
562813974
814297653
793564218
648351729
321789465
957642381
145239876
276845139
389176245
653412798
412798563
798563412
864321957
531987624
927654381
275138649
136249875
849576123
463715298
712893564
598462317
324951786
951687432
687324951
235146879
847239156
169578234
312465798
498712563
576893412
651324987
723981645
984657321
132645879
875219346
496873215
568431792
243798561
719562438
954326187
321987654
687154923
235168749
678249135
149375268
513724896
462893517
897516423
754631982
321987654
986452371
815236479
237149568
649578123
153482796
462791385
798653214
924815637
371964852
586327941
235149876
876235149
149678235
463852917
512796483
798413562
654321798
321987654
987564321
395248176
126537849
478169235
563412798
812796453
749853612
651324987
237981564
984675321
125436789
376895124
489172536
213547698
547968213
698213475
754329861
961784352
832651947
125389647
637145829
849276135
273461598
416598273
598723416
354617982
961832754
782954361
145236798
236798145
789145236
357412869
412869573
968573412
624351987
591687324
873924651
245637189
137298456
896145237
463512978
582479361
719863542
674321895
351986724
928754613
123456789
579238146
468179235
614582973
832697451
795314628
256841397
347965812
981723564
135278649
246935871
879146235
351462798
492817563
687593412
564321987
723689154
918754326
146235798
235879146
879146235
563412879
412798563
798563412
654321987
321987654
987654321
243685179
159237468
876149235
518462793
932751684
467893512
695314827
321578946
784926351
137245896
245896137
689137245
361429578
452718963
798563412
513972684
874651329
926384751
123857946
549236817
867149235
214568793
398714562
675392481
456923178
732481659
981675324
123456879
496738125
578129634
264513798
839647512
715892463
642381957
351974286
987265341
348295176
219736854
576841239
963412785
421578963
785369412
634127598
152983647
897654321
213546789
749238156
865179234
521467893
478391562
396825417
652713948
134982675
987654321
135248679
249167835
786539124
512493768
467812953
893756412
654381297
321974586
978625341
235149876
847526139
196378245
368714592
412895763
759263481
584632917
621987354
973451628
834256179
259137846
176849532
563421798
412798653
798563214
645372981
321985467
987614325
239175846
845236179
176489235
593642718
412798563
768513492
354921687
921867354
687354921
234875196
569132478
871469235
125794683
743286519
698513742
486321957
312957864
957648321
135246789
279835146
648179235
453712698
716498523
892563471
364921857
521387964
987654312
132546879
576839124
849127635
263415798
481792563
795368412
654273981
317984256
928651347
145237869
239168574
876549213
513482796
462795138
798316452
354621987
921873645
687954321
125836479
347915286
689274135
573421698
216798543
498563712
834152967
762349851
951687324
136249875
275816349
849375216
493162587
512798463
768534192
657421938
321987654
984653721
236485179
175239846
849176235
312564798
497328561
658791423
524913687
763852914
981647352
129385467
375246198
846179235
583491726
261738549
497562813
754613982
618927354
932854671
279536148
135248679
846179235
763815492
412793586
598462713
654381927
321957864
987624351
234156789
815279346
976834125
453612978
192748563
768593412
649321857
521987634
387465291
823146579
947235186
156879234
261387495
485912763
739564812
612753948
398421657
574698321
172836945
839145276
546279138
365412789
421798563
798563412
654321897
213987654
987654321
123456879
789231456
465879132
314562798
572198364
698743215
256314987
941687523
837925641
234159786
576238149
189467235
713542698
492816573
865793412
648321957
321975864
957684321
124385976
375169284
689247135
543612798
912478563
768593412
256931847
831724659
497856321
273145896
815396247
649278135
134582769
562719483
798463512
356821974
421937658
987654321
124539876
573286149
689174235
236415798
715398462
498762513
962841357
351927684
847653921
124635789
735189246
869247135
573412698
412896357
986573412
651328974
247951863
398764521
146235798
235879146
879146235
463512879
512798463
798463512
651324987
324987651
987651324
132547689
846239175
579168234
315482796
268791543
794356821
451823967
623975418
987614352
813259476
246178395
579346812
125684739
398712564
467593128
654931287
981427653
732865941
145239678
236758149
789146235
351472896
462891357
897563412
614925783
528317964
973684521
125346879
736189245
489275136
563412798
241798563
897563412
654831927
318927654
972654381
123569748
546817239
879243156
465172893
312498567
798635412
657321984
231984675
984756321
235879146
146235879
789146235
563412798
412798563
897563412
651324987
324987651
978651324
824135679
365279148
179846235
593412786
216798453
748563912
651324897
432987561
987651324
234568179
568179234
179234856
342615798
815792463
796483512
623857941
451926387
987341625
236175489
845239176
179468235
351724698
462893751
798516342
583641927
624987513
917352864
235647189
718239546
946815237
163482795
452791863
879563412
584326971
321974658
697158324
184539276
256817349
397246815
549723168
612498753
738165492
461352987
825971634
973684521
234859176
586172349
179436825
365217498
412698753
798543612
641325987
827961534
953784261
123576489
456189273
879243165
561327894
742891536
398465712
214638957
935712648
687954321
125389476
846175239
379246815
563412798
412798563
798563142
634821957
251937684
987654321
126835479
874219356
935476812
563142798
412798635
798563241
649321587
351687924
287954163
538246179
179835246
246179835
362514798
481792563
795683412
654321987
813957624
927468351
175236849
634859217
289174635
563412798
412798563
798563421
841325976
326987154
957641382
245738169
136549278
789216435
513892746
462175893
897463512
624351987
351987624
978624351
134578269
256139478
879246135
568412793
712893546
493765812
645321987
321987654
987654321
635248179
127639845
849175236
513492768
462781593
978563412
754326981
391857624
286914357
172345986
346819275
598276134
413562798
725198463
869437512
651923847
234781659
987654321
235489176
168375249
749126835
356712498
412598763
897634512
673251984
581943627
924867351
816245379
275139846
439876125
563412798
142798563
798563412
654321987
321987654
987654231
236845179
875139246
149276835
563412798
412798563
798563412
651324987
327981654
984657321
236158479
158479236
749236815
315642798
482791563
697583142
561324987
823917654
974865321
214537689
836149257
579286134
423715968
165928473
798463512
351892746
642371895
987654321
135489276
876235149
249176835
563942718
412768593
798513462
654321987
321897654
987654321
213489576
786135249
945276138
531842697
462791853
897563412
654327981
328914765
179658324
825137496
634895271
179246835
543962718
291478563
786513942
457321689
362789154
918654327
235814679
849675123
167239845
354162798
691748352
728593416
472356981
513987264
986421537
124635789
935871246
876249135
563124978
412798563
798563412
641352897
359487621
287916354
135246879
248795136
976138245
561824793
483917562
792563418
614352987
327489651
859671324
135678249
749235168
286149375
563481792
412793856
978526413
654312987
821957634
397864521
235176489
147839256
689245137
354912768
962487513
718563942
423691875
571328694
896754321
142378596
538269147
796145832
213486759
459712368
687593214
821634975
365927481
974851623
146235879
895176243
237849165
513462798
684791532
729583416
461328957
352917684
978654321
124375896
635849127
879162345
563417289
412698573
798253461
341726958
257981634
986534712
134257689
256849371
879136245
563412798
412798563
798365412
685924137
921673854
347581926
245136879
139872645
678549231
562314798
714298563
893765412
451623987
326987154
987451326
245136789
831579246
976482135
462715398
513298467
798643512
654821973
129367854
387954621
123567849
457839126
869142537
314256978
296781354
578394612
641923785
935478261
782615493
125368749
849175236
736249815
573412698
418697523
962583174
654731982
391826457
287954361
457123869
239568147
186749235
542316798
618974523
793285416
974651382
321897654
865432971
245739186
138256749
679148235
326814597
514927368
987563412
462395871
791482653
853671924
839175246
245836179
167249358
356418792
412793865
978562413
594321687
621987534
783654921
139275846
245186379
768349125
513462798
492718563
876593412
654821937
321957684
987634251
135467289
879235146
246819357
362148795
417592638
598376412
654921873
921783564
783654921
812436759
375891246
469275138
253614897
148729563
796583412
584362971
621957384
937148625
123758649
685249137
749136825
516382794
432917568
978564213
354821976
891673452
267495381
235678149
189245637
746139825
362451798
814792563
597863412
651327984
473986251
928514376
134785296
675239148
289146357
367412589
412598763
958673412
846321975
521967834
793854621
235498176
817536249
469172835
123647598
546819723
798253614
654321987
371985462
982764351
123845679
845679132
976132485
568213794
412798563
739564218
257381946
391426857
684957321
125839746
347216589
896475213
573162498
412798365
689543172
758621934
231984657
964357821
538146279
129837456
746259138
873612945
412795863
695483712
954321687
361978524
287564391
231546879
549187236
876239145
653712498
412895763
798463512
164328957
325971684
987654321
875136249
239478156
146295837
513749628
462813795
798562413
684351972
321987564
957624381
215836947
839147256
647259138
561324789
472918563
398765412
153672894
924583671
786491325
831945276
274836159
569172834
426513798
718429563
395768412
642351987
183297645
957684321
235849167
678135249
149276853
583462791
412798536
796513482
351624978
924387615
867951324
379158246
285346179
146279835
513492768
462781593
798563412
624915387
831627954
957834621
125436798
376859142
849127635
463512879
517948263
982673514
254361987
791284356
638795421
123546879
546879132
879231465
315462798
462798513
798153246
681324957
237915684
954687321
123465789
456879132
798213465
364592817
812746593
579138246
645321978
231987654
987654321
236175849
158249367
974836125
365492718
412783596
789561432
697354281
823917654
541628973
126875439
345129876
879346215
237461598
914258763
568937142
453612987
791583624
682794351
235146879
147859236
689237145
356412798
412798563
798563412
564321987
823974651
971685324
123475689
456198237
879236145
345712896
612849573
798563412
534921768
261387954
987654321
124579836
356184279
879236145
563412798
412798563
798653412
245361987
931827654
687945321
145876239
236149875
789235146
364512798
812497563
597368412
651723984
423981657
978654321
132546789
845179236
679832145
257461398
413798562
968253471
384615927
721984653
596327814
386145279
124679835
579832146
263417598
415298367
798563412
657321984
841956723
932784651
146273859
835149276
279568143
563412798
412897365
798356412
684725931
357981624
921634587
841356279
735249168
269871345
583412796
416793582
972568413
694125837
128637954
357984621
123456879
845179236
679238145
536942718
412867593
798513462
354621987
961785324
287394651
235148976
146279835
789356142
463517298
912483567
578692413
394725681
621834759
857961324
142876359
367195248
589234167
213549876
476328591
958761432
725913684
631487925
894652713
815279436
236145879
749836125
563412798
472598361
198763542
654321987
321987654
987654213
142375689
567189243
839246157
213458796
496712835
785963412
354621978
921837564
678594321
134257869
265189347
789436152
312548796
457961283
896723415
648392571
921875634
573614928
136245879
245789136
789163245
563471982
412598763
978632514
851326497
324917658
697854321
126475389
485139276
739286145
348692751
512748963
697513428
254361897
861927534
973854612
213469578
576138249
849275136
368542791
452791683
791683425
134826957
925317864
687954312
123547896
564189237
879326145
392415768
416798523
758263419
285931674
631874952
947652381
235149876
176835249
849276135
563412798
412798563
798563412
654321987
321987654
987654321
145789236
276135849
839246175
562413798
413897562
798562413
354621987
921378654
687954321
126345879
845179236
379286145
563412798
412798563
798563412
631824957
257931684
984657321
234175689
156289473
789436125
425613798
617598234
893742516
568321947
341967852
972854361
125468937
647139258
389275146
413652789
572891463
896743512
754326891
931587624
268914375
346125789
875639124
219874635
562413897
437298561
198567243
654381972
721946358
983752416
142359768
375648192
689271345
456813279
713492586
298765413
834126957
521987634
967534821
145236879
238579146
679841235
563412798
412798563
897365412
754623981
321984657
986157324
123579846
865124379
479836152
536412798
241798563
798365214
654281937
312947685
987653421
256149738
148732569
379685142
593416287
714258693
862973415
635821974
421397856
987564321
235146879
149873256
867295134
376412598
592738641
418569723
654321987
923687415
781954362
132846759
485971236
796235814
563427198
247198563
819563472
654312987
321789645
978654321
142375869
536189247
879246135
461532798
293768514
758914326
685421973
324897651
917653482
145276839
239185764
876439251
463912578
512748396
798563412
654321987
321897645
987654123
123457896
475689132
689123457
561238749
298741563
734596218
846312975
312975684
957864321
139765248
245183679
876249135
563412897
412978563
798536412
657321984
321894756
984657321
239145768
145867239
876239145
592413876
468792513
713586492
654321987
321978654
987654321
142875369
536149278
789236145
295413786
461798523
378562491
653924817
927381654
814657932
132546879
458179236
679283145
213465798
596728413
847931562
765312984
321894657
984657321
234156879
819273546
576849123
123465798
457398612
698721435
745632981
361987254
982514367
123476859
489125376
576398142
345812697
612739584
798564213
234951768
961287435
857643921
145276839
839145276
276839145
513462798
462798513
798513462
351924687
624387951
987651324
139245786
842167359
567389142
213476598
475891263
698523471
354618927
726934815
981752634
135246879
849175236
276389145
513462798
462798351
798513462
654831927
321957684
987624513
129758436
835146279
746239158
351874962
472961583
968523714
694315827
213487695
587692341
239145876
145786239
876239145
563412798
412897563
798563412
624351987
351978624
987624351
234156879
169783245
875249316
641372598
523498761
798615423
456821937
382967154
917534682
124536789
659178432
378249165
512467398
483915276
796823541
847651923
931782654
265394817
234175869
179836245
865249173
543612798
612798534
798453612
456321987
321987456
987564321
135246789
249178635
876359241
562714398
413892567
798563412
654921873
321687954
987435126
234195678
175846239
968237145
893412756
416578923
527963814
659321487
341789562
782654391
145638279
269175834
837249156
593412768
426897513
718563942
354921687
971386425
682754391
123456798
549178236
786239145
365812479
812794563
497563812
654321987
231987654
978645321
179245368
845136279
236789145
562813794
417692853
398574612
654321987
721958436
983467521
145236879
789145236
236879145
367412598
452798613
891563427
618327954
574981362
923654781
235146789
146789235
879235146
513462978
427598361
698371452
954613827
361827594
782954613
174236589
839145276
256879134
563412798
412798653
798563412
625381947
341927865
987654321
374156289
128349576
956827134
513462798
462798315
789513462
691235847
247981653
835674921
134265879
785149236
296783145
567812493
312497568
948536712
459321687
621978354
873654921
238175496
175649238
469238175
542813769
813796542
796452813
654321987
321987654
987564321
129345867
843176259
576829341
215763498
934218576
768954132
652491783
391587624
487632915
124357689
537896124
896142375
763214598
415978263
289563417
648725931
351689742
972431856
123546879
465879132
879123456
236915748
514768293
798432561
657381924
341297685
982654317
132456798
475189236
896237145
263514879
714892563
589673412
647325981
321948657
958761324
145267839
236849175
879135246
512486793
463792518
798513462
654321987
321978654
987654321
246578139
135249876
879136245
563412798
712895463
498763512
654321987
321987654
987654321
125849376
346175289
879236145
513462798
268791534
497358621
654923817
931687452
782514963
235489176
146275839
879136245
462391758
513748692
798562413
624913587
351827964
987654321
134279685
269845371
578136249
351462798
492718563
786593412
645381927
913627854
827954136
245819376
136274859
789536241
314625798
562798134
978143562
653482917
421957683
897361425
236145789
845279136
179836245
354718692
612493857
798562413
561324978
423987561
987651324
236475198
481269735
975831642
342786519
517942863
698513427
154327986
763198254
829654371
246175839
735829146
189346275
562413798
413798562
978562413
654231987
321987654
897654321
812374569
345169287
679285134
523416798
467928315
198537642
256843971
781692453
934751826
123496857
468275139
579183246
394512768
612748593
785369412
247631985
831957624
956824371
835246179
246179835
179538246
563412798
412987563
798653412
654321987
381795624
927864351
241359876
538267149
679814235
165432798
492178563
783596412
354621987
916785324
827943651
845129637
213467589
679835214
531246798
492718365
768593142
154382976
326974851
987651423
146235879
275849136
389176245
463512798
512798463
798463512
651327984
834951627
927684351
126537849
759842136
834169275
583416792
412798563
697253418
261384957
375921684
948675321
126475839
745839126
839126475
473512698
512698743
698743512
254361987
361987254
987254361
276145839
145839276
389276145
463512798
712498563
598367412
654921387
921783654
837654921
145239876
276845139
839176245
563412798
412798563
798563412
354621987
621987354
987354621
123546789
574198236
689237145
362415897
418972563
795863412
836724951
251389674
947651328
175249836
243586197
869371245
534962718
712458369
698713452
456127983
321895674
987634521
134865279
857239146
296471385
563142798
482793561
719586423
641328957
925617834
378954612
246135879
357849126
189276453
563412798
721398564
498567312
634721985
915683247
872954631
142385679
576129384
839476125
263541798
418792563
795863412
651238947
324917856
987654231
256173489
841295376
739846125
593482761
162739854
478561932
614328597
325917648
987654213
276385149
345192876
198476235
412863597
537249618
869517423
654731982
721958364
983624751
243159876
568247139
179836245
316425798
482791563
957368412
624513987
731982654
895674321
841259367
235176489
679483125
463512798
127938546
598764213
782391654
316845972
954627831
135479826
846235179
279186345
563742918
412398567
798561432
651924783
927813654
384657291
124359678
567148239
839276145
652417893
413892567
798563412
275631984
381924756
946785321
134268759
269475138
578139246
453716892
712893564
896524317
625347981
341982675
987651423
135246879
248795136
976138245
562413798
419872563
783569412
654321987
321987654
897654321
145267839
238945167
679183245
563412798
412798653
897356412
354821976
721639584
986574321
245138679
179256834
836749125
327461598
514892367
698573412
451327986
763984251
982615743
123465879
649827135
758139246
512346798
367918524
894572613
436251987
971683452
285794361
234156879
159874236
867239145
513462798
492718563
786593412
621345987
378921654
945687321
124573698
635849172
879216435
513762849
467958213
298431567
756324981
942187356
381695724
142875369
357296841
869134275
531482796
426719538
798563412
614328957
275941683
983657124
125649837
348275196
796831245
563492718
284713569
971568423
657324981
439187652
812956374
234756189
569128437
178349256
385417692
416892573
792563814
653271948
821934765
947685321
215376849
639248175
478159236
526413798
841792563
793865412
162537984
354981627
987624351
235146879
648279135
179835246
563412798
412798563
897563412
756321984
324987651
981654327
125349678
846175239
379268415
563482791
412793586
798516342
254831967
631927854
987654123
835246179
246179835
179835246
563412798
412798563
798563412
624351987
351987624
987624351
239156478
856247139
147839265
513792846
762418593
498563712
624375981
375981624
981624357
246178935
359246817
178539246
462715398
713892564
895463172
534621789
621987453
987354621
123465879
475289136
689137245
346512798
512798463
798643512
251376984
834921657
967854321
245637189
178295346
936481275
563142798
417968523
892753461
654329817
321876954
789514632
175236489
249815376
836749215
513462798
762198543
498573162
951624837
327981654
684357921
275684139
149235876
386179245
523418967
461792358
798563412
654821793
912357684
837946521
135246789
279815346
846379215
563482197
412793568
798561432
654128973
921637854
387954621
142368579
967245831
385179246
513426798
428791365
796583412
651834927
874912653
239657184
124576839
365829147
879134265
456312798
713498526
298765314
531647982
947281653
682953471
147825936
256139478
839476215
413562897
962781543
578943162
694257381
321698754
785314629
235167489
869243175
174589236
516432798
428795613
793618524
681324957
352976841
947851362
142358679
679142835
835679142
563217498
214893567
798465213
457921386
321786954
986534721
275146839
849235176
136879245
562413798
418792563
793568412
624351987
351987624
987624351
473286159
269145837
185379246
536412798
712598463
948763512
621834975
354927681
897651324
249135678
835276149
176489235
563712894
412598763
798643512
951327486
324861957
687954321
236149587
745286139
198375624
562413798
419758263
873962451
951827346
324691875
687534912
179245836
245836179
638179245
526413798
714928563
983567412
461352987
392781654
857694321
279845136
145236879
638791245
563412798
912578463
784369512
456123987
321987654
897654321
135247689
746589123
298136475
463712598
812495367
579863214
651378942
384921756
927654831
123745689
645819237
879236145
516427398
237598416
498163572
752384961
361972854
984651723
135849276
286375149
749126835
563412798
412798563
897563412
654231987
321987654
978654321
246157839
135849276
879236145
562418793
413792568
798563412
651324987
327981654
984675321
125346879
836279145
479185236
563412798
942768513
718593462
254631987
381927654
697854321
835249176
146837259
279165348
314526897
562798413
798314625
653471982
427983561
981652734
145879236
823645179
679231845
356412798
412798563
798563412
234156987
561987324
987324651
841279536
936845271
275136849
562481793
413792685
798563412
157328964
624917358
389654127
813546279
245879136
679231845
162453798
394718562
758692314
536124987
421987653
987365421
213456879
456879231
789132465
537214698
162798543
948563712
671325984
324987156
895641327
126478359
348295176
579136842
213547698
465389217
897612435
732961584
954823761
681754923
246875139
358149276
791236845
563412798
412798563
879563412
624351987
135987624
987624351
538149276
246875139
179236845
763512498
412798563
895463712
624351987
351987624
987624351
135849276
246175839
879236145
563412798
412798563
798563412
654321987
321987654
987654321
845129376
126378459
379456812
561234798
237891645
498567123
652743981
713982564
984615237
142389567
358276149
679145832
435712986
816594273
297863415
563421798
721938654
984657321
145368279
872159346
369274185
523416798
418792563
796583412
284631957
951827634
637945821
823645179
147289356
659173824
568412793
471398562
392567418
714826935
285931647
936754281
132476589
845129376
679835124
216394758
354718962
798562413
563241897
421987635
987653241
134256789
275839146
689147235
513462897
462798513
897513462
746321958
321985674
958674321
125438679
486179235
379256841
243615798
517892463
698743512
754321986
832967154
961584327
145239678
678145239
239876145
563412897
412798356
897563412
721654983
356981724
984327561
125869437
849273156
736145892
563412789
412798563
978536241
684321975
351987624
297654318
135249678
647138295
289576134
512467389
378912546
496853712
851724963
923681457
764395821
812345679
465879132
379126485
536412798
124798563
798563214
653281947
241937856
987654321
126485379
875139246
349276815
263514798
417892653
598763421
654321987
981647532
732958164
276135849
135849276
849276135
563412798
412798563
798563412
654321987
321987654
987654321
123845679
548679123
679132845
356214798
412798356
897563412
265481937
731926584
984357261
845137296
276849135
139256478
463528719
512794863
798613542
654381927
321975684
987462351
123495678
546178239
879236154
365824791
492517863
718369542
237641985
651983427
984752316
567149238
124835679
839276145
273418596
416592783
985367412
352781964
641923857
798654321
125478936
386195247
749236815
562819473
413762598
897543162
654321789
231987654
978654321
135246879
249785136
678139245
513462798
492817563
786593412
354621987
921378654
867954321
235846179
849175236
176239845
563412798
412798563
798563412
354621987
621987354
987354621
125346879
349857126
786129345
563214798
214798563
978563412
851972634
632481957
497635281
845267139
139485276
276319845
563142798
412798653
798536412
354821967
621973584
987654321
134825679
256379148
798146235
315264987
872591463
469738512
683912754
521487396
947653821
235648179
146279358
789135246
318492765
452716893
697583412
564321987
821957634
973864521
142375689
358649127
976281345
613452798
429718563
785963412
534826971
261597834
897134256
139247568
542836179
876195342
763412895
415968723
298573416
654321987
321789654
987654231
135246789
246789135
789135246
462517893
813492567
597863412
624351978
371928654
958674321
235648179
841795236
679123845
352419768
416837592
798562314
564271983
123984657
987356421
142567839
356829471
879143256
463712598
215498763
798635142
634251987
527986314
981374625
132857469
658149273
479236158
561478392
983612745
247593816
814365927
725981634
396724581
123465879
745298136
869137245
256814793
471923568
398576412
614352987
932781654
587649321
234875196
986142537
175639248
463218759
512497863
798563412
657321984
321984675
849756321
149237586
235648179
678159243
413572968
852396417
796481352
564723891
927815634
381964725
143528769
658479123
279136845
536712498
912843576
784695231
425361987
391287654
867954312
134856279
859127346
276349815
563214798
412798563
798563124
341975682
625481937
987632451
125736849
347198256
698245137
853461792
412879563
976523418
264317985
531982674
789654321
124368579
839275146
675149238
563892714
412736895
798514362
356421987
241987653
987653421
475236189
126849537
839175246
513468792
942517863
768923415
651382974
394751628
287694351
145638279
689274135
237159846
573412698
416897352
892563417
721946583
358721964
964385721
845239167
176845239
239176845
563412798
412798653
798563412
651327984
324981576
987654321
172846539
846395172
539172864
263419758
415728396
798563421
654231987
321987645
987654213
256134879
149827365
837569142
513496728
462718593
798253416
625341987
371982654
984675231
813456279
245179836
679238145
326714598
451892763
798563412
534921687
162387954
987645321
234568179
159247638
786139245
512374896
467891352
398625417
675412983
921783564
843956721
245176839
369824175
178359246
513482697
426791583
897563412
631945728
982617354
754238961
245169738
867234195
139875246
513426879
492718563
678593412
756342981
321987654
984651327
849135267
215746839
367289145
153472986
426891573
798563412
632914758
581327694
974658321
147835629
285496137
639721845
561342798
492178563
873569412
756913284
324687951
918254376
175248936
249536178
836719245
513462789
482971563
967385412
654123897
321897654
798654321
275849136
849136275
136257849
513472698
462918357
798365412
624591783
981723564
357684921
236175849
175489236
849236175
593614728
412798563
768523491
684352917
921867354
357941682
136275849
275849136
849136275
563412798
412798563
798563412
354621987
621987354
987354621
136245798
245879136
879136245
317524869
652918374
498763512
764352981
921487653
583691427
176245839
235879146
849136275
367412598
412598763
598763412
753921684
624387951
981654327
235149786
146783259
789265134
463912578
512478693
978536412
354821967
621397845
897654321
132879546
476125839
589346172
365412798
914758263
728693415
243561987
891237654
657984321
125649738
347185269
689237145
563418972
214793586
798562314
456321897
832976451
971854623
175846239
234179568
869235471
413527896
526918743
798463125
641382957
352791684
987654312
123576849
875149236
469238175
512463798
648792513
397815462
234651987
981327654
756984321
123795648
568124379
749836125
275413896
816279534
394568712
481352967
632987451
957641283
136245789
845179236
279836145
561423897
482791563
793568412
654382971
328917654
917654328
176845239
235179846
498236175
561423798
849761523
723598461
654312987
312987654
987654312
123475986
857169234
469283175
315742698
642918357
798536412
571324869
236897541
984651723
835179246
176245839
249638175
312456798
794381562
568792314
653927481
421863957
987514623
137259468
586174239
249638175
312485796
465791823
798326514
654912387
923847651
871563942
845129367
136475289
279836145
463712598
512698473
798543612
651287934
327964851
984351726
246135879
135879246
879246135
563412798
412798563
798563412
651324987
324987651
987651324
172345986
546789231
839126475
263417598
415298763
798563142
654931827
321874659
987652314
243175689
165289347
789346125
532614798
418792563
697538214
354821976
826957431
971463852
136284579
259137846
784965123
573612498
412798365
698543217
945326781
321879654
867451932
273148659
146975238
589236174
362854791
814792563
795361482
658429317
431587926
927613845
124835967
576129834
839467125
461582793
293714586
758396412
615248379
342971658
987653241
142375896
356189247
789246135
593412768
461798523
278563419
614957382
825631974
937824651
145276839
236198745
879345162
713452698
492861573
568739214
651923487
324687951
987514326
136258749
845179236
279346185
563412897
712895463
498763512
954621378
321987654
687534921
675183249
241579863
839246175
563412798
492738516
718965432
354621987
126897354
987354621
146257389
857139246
239846175
513462798
468791523
792583614
624318957
375924861
981675432
386174259
175239486
249856371
563412798
412798563
798563142
654381927
821947635
937625814
175239846
846175239
239846175
513462798
462798513
798513462
354621987
621987354
987354621
174369258
268145937
539278146
853412769
412796583
697853412
746931825
321587694
985624371
135247689
278695143
469813275
356421798
812739564
794568312
943172856
521986437
687354921
835142796
176935248
249876135
462519387
513728469
798463521
654391872
321687954
987254613
125467389
739128456
846539127
263815794
418972563
597643218
654381972
371296845
982754631
135876249
279145836
648239175
563412798
412798563
897563412
321654987
954387621
786921354
257146839
138259467
496738125
523417698
641892573
879563214
714325986
362984751
985671342
125834679
349276815
678159243
453762198
812493567
796518432
534921786
261387954
987645321
239145876
175826349
468379125
354217698
912468753
786593412
843951267
691782534
527634981
139245876
246178395
875639124
563412789
412897563
798563412
654721938
321984657
987356241
279145836
135786249
846239175
462513798
518972463
793468512
654321987
321897654
987654321
159348276
237516849
846279135
563427918
482195763
791863452
614932587
325781694
978654321
135276849
468159237
279834165
346512798
752498316
891763452
617325984
524981673
983647521
825134679
147269835
396785124
563492718
214876593
789513462
651928347
978341256
432657981
123546789
579138246
648279135
962413578
814795362
735682491
456827913
381954627
297361854
275146839
139825476
846379152
463712598
512498763
798563214
654231987
321987645
987654321
135279846
879146235
246835179
563412798
412798563
798563412
654321987
321987654
987654321
839175246
147296835
256834179
563412798
412789563
798563412
624351987
371928654
985647321
125379846
647812539
398456172
513247698
462598713
879163425
954621387
236784951
781935264
456172839
738459126
219836475
123547698
647298513
895361742
574623981
361984257
982715364
275136849
149278536
638549127
453612798
812497653
796385412
561723984
384961275
927854361
123546789
549178236
786239145
315492678
462857391
978361524
234915867
691783452
857624913
245136789
179258346
836749125
563412897
412897563
798365412
627581934
351924678
984673251
145276839
279138546
836549127
513492678
468715392
792863415
654921783
321687954
987354261
279135846
145268739
368749125
534612978
712984563
896357412
651493287
923871654
487526391
179235846
245876139
836149257
328417695
451698723
697523418
564381972
713962584
982754361
124365879
356879142
879142365
513426798
462798513
798513426
645231987
231987654
987654231
145276839
236198457
789345126
563712948
412859673
897463512
624931785
351687294
978524361
174235896
235896147
689741235
563412789
912578463
748369512
456123978
321987654
897654321
175346289
689215437
234789165
317452698
462978513
598163724
753821946
841697352
926534871
134256789
859137246
267489135
345612897
712894563
698573412
476321958
523948671
981765324
134256879
859137246
276849135
563412798
412798563
798563412
641325987
327981654
985674321
172536849
349178265
685249137
713485692
496712583
528693714
254361978
831927456
967854321
246135789
185279346
739648152
512364897
473891265
698527413
954712638
321986574
867453921
129645837
865137249
734829615
593418762
416972583
278563491
652381974
347296158
981754326
834159276
125376489
796842135
413568792
562791843
978423561
651984327
349217658
287635914
136245879
275389146
849176235
563412798
412798563
798653412
654921387
321867954
987534621
234658179
175249836
689173245
413896752
528714963
796532418
942361587
351987624
867425391
135267489
247859136
689134275
361498752
458672913
792513864
526741398
813925647
974386521
276841539
134259768
859736142
512483976
468597213
397162485
641325897
723918654
985674321
123567849
456189237
879234156
315472698
942618573
768953412
634721985
281395764
597846321
235678149
176249835
849135267
361492578
452781693
798563412
514327986
923816754
687954321
175234689
286975134
349186275
563412798
412798563
798563412
621359847
834627951
957841326
123456789
458279136
679831245
341692578
562718493
897543612
214385967
936127854
785964321
136275849
875149236
249836157
513427968
462918573
798563412
624391785
351782694
987654321
813275469
265149837
479836215
536412978
142798356
798563142
654921783
321687594
987354621
172645839
538279146
946813572
213467958
457198263
869532417
695321784
321784695
784956321
126845739
835179246
749236158
263714895
514928673
978563412
482391567
351687924
697452381
235179846
786245139
149836275
563412798
412798563
897563412
654321987
321987654
978654321
123546789
486179235
579832146
315427698
264918573
798365412
651793824
942681357
837254961
245179836
376258149
189346257
563412798
412897563
798563412
631724985
824935671
957681324
824579136
175236849
396148275
532461798
419782563
768953412
643815927
281397654
957624381
126537489
475289136
839146275
543612798
612798543
798453612
281364957
357921864
964875321
245837196
176259384
839146275
361572948
452918763
798463512
614395827
923784651
587621439
124678935
567239184
839145267
243716598
615894723
798523416
352481679
481967352
976352841
142675839
675839142
839124576
523491768
416758293
798263415
254316987
387942651
961587324
134279865
267835149
958146273
513498726
496712538
872563491
645321987
321987654
789654312
125349786
643178259
879256143
512497638
436812597
798563412
264931875
381725964
957684321
124357896
756819243
839246175
513472968
267198354
498563712
681924537
345781629
972635481
245678139
136249578
879135246
314862795
562497813
798513462
453921687
921786354
687354921
245136879
876549132
139782645
563417298
412893756
798265413
654321987
321978564
987654321
823145679
465279138
179836245
234518796
716492853
598763412
642351987
381927564
957684321
126345789
875129346
349876215
563214897
412798563
798563421
254631978
931487652
687952134
346275819
257189346
189346275
563412798
412798563
798563124
625931487
934827651
871654932
234179586
786245139
159683247
368712495
412598763
975436812
641327958
823951674
597864321
841239576
236175489
579846132
362591748
415728963
798463215
654312897
123987654
987654321
145236789
236879145
798145236
473612958
519784362
862593417
657421893
321968574
984357621
845279136
276135849
139846275
362514798
514798362
798362514
653421987
421987653
987653421
125678943
349125687
786439125
263517498
518942736
497863512
634251879
871396254
952784361
234876159
175249836
896135274
319462785
452781693
768593412
541328967
623917548
987654321
125346879
839275146
467189235
314562798
792418563
586793412
643821957
251937684
978654321
175824639
236179845
849536172
463215798
512798463
798463251
654382917
321947586
987651324
135247698
278169435
946385172
481796523
523418769
769523814
654931287
312874956
897652341
234867195
579142836
816593472
763915248
192478563
458236719
645321987
321789654
987654321
125746839
379185246
846239175
513462798
492817563
768593412
654321987
231978654
987654321
172845369
435679182
986231457
561492738
829713546
743568291
214386975
358927614
697154823
235176489
876349125
149258376
364512798
912784563
758963214
623491857
591837642
487625931
832476159
479135862
165289734
347518296
216394578
598762413
651823947
723941685
984657321
245176839
378295146
196438257
463512798
812749563
759863412
621384975
537921684
984657321
872135469
345269178
169748235
538412796
217896543
496573812
624357981
783921654
951684327
129345678
834176259
567289134
356412897
412798365
798653412
673524981
281937546
945861723
239156847
845237169
176849235
513428796
698713452
724695318
361572984
452981673
987364521
124675839
637189245
859432176
561247398
473891562
298563714
915726483
342918657
786354921
179245836
235876149
486139257
561324798
842791563
793568412
314682975
927453681
658917324
175234896
246879135
839156247
562413789
314798562
798562413
453621978
921387654
687945321
135276489
247189635
896345127
359412768
612798543
784563912
963851274
421937856
578624391
134275869
276839145
589146273
365412798
412798536
798563412
843621957
951387624
627954381
245876139
179235846
836149275
463512798
512798364
798463512
654327981
321984657
987651423
139275846
245386179
786149235
461892753
952734618
378561492
514623987
823917564
697458321
136825479
245179368
798346215
583412796
612798543
479563182
864251937
321987654
957634821
145237896
276859134
839146275
563412789
412798563
798563412
654371928
321984657
987625341
249675183
175238649
386149275
563481792
412793568
798562314
954316827
831927456
627854931
127536849
849271536
635489172
586342791
412798365
793165428
264813957
351927684
978654213
238546179
549127836
176839245
613495782
492781563
785263914
854612397
321974658
967358421
243176859
879235146
156849237
635412798
412798563
798563412
561327984
324981675
987654321
124376859
879215643
536849217
265431798
498762531
713598462
647923185
351687924
982154376
235169748
849275136
176843925
653412897
412798563
798536412
584321679
361987254
927654381
547238196
289146375
136795248
325814769
461972583
798563412
652481937
913627854
874359621
213459678
685172349
749836215
326514897
458793126
197268453
561327984
832945761
974681532
245137689
879246135
136589274
413725896
562498713
798361452
654813927
321974568
987652341
126375489
345289176
789146235
263451798
517928643
498763512
651837924
934512867
872694351
234175689
175689234
689234175
563412798
412798563
798563412
856321947
321947856
947856321
172345689
536289174
498176235
245613798
719428563
863957412
651832947
324791856
987564321
823547169
156839247
479126358
531468792
692715483
748293516
964371825
315982674
287654931
123579846
547268139
689134275
732416598
415892763
896753412
354921687
261387954
978645321
814259376
235867149
679143285
163582497
482791563
597436821
746325918
321978654
958614732
145238679
637495182
289176345
324561798
518749263
796823514
871952436
462387951
953614827
132748596
876395241
495126837
563412789
241879365
789563412
954281673
628937154
317654928
386175249
275849136
149236875
562413798
418792563
793568412
654381927
831927654
927654381
236578149
158649237
479231856
365412798
812397465
947856312
624185973
591723684
783964521
826475139
137829546
549136278
268514793
413792865
795683412
652341987
371958624
984267351
274165839
835249176
169378245
512436798
486791523
793582461
641823957
328957614
957614382
135789246
827645139
469123875
213456798
596278413
748931562
652314987
371892654
984567321
234159876
175846239
689237145
513462798
462798513
798513462
846321957
321975684
957684321
135479268
276138549
849256173
362714895
451892736
798563412
614325987
583947621
927681354
274895136
356147289
198236457
563412798
419378562
782569314
625781943
831924675
947653821
123685479
458279136
679341258
361452897
742896513
895713624
534928761
286137945
917564382
146235879
235879146
879146235
563412798
412798563
798563412
624381957
351927684
987654321
124675839
735189246
869243175
276314598
418592763
593768412
642831957
351927684
987456321
246173589
175829346
839465172
354712968
962348751
718596423
691254837
523987614
487631295
135749268
746218395
289356147
367421589
418597632
592863714
854132976
621974853
973685421
812459376
345176289
769238145
153864792
498712563
276593418
684321957
521987634
937645821
124578639
356129487
879346125
563214798
412897356
798653214
635481972
247935861
981762543
135267489
746189235
289345176
312698754
458712693
697534812
863921547
521473968
974856321
236145879
145879236
789236145
562413798
418792563
973568412
654321987
321987654
897654321
124835679
856179234
973246185
215364798
439728516
768591423
592413867
341687952
687952341
142358679
356179248
789246135
273415896
418692357
695783412
524961783
831527964
967834521
124675839
375189246
689234175
563412798
241798563
798563412
456321987
832947651
917856324
275138946
846975132
139246875
563417289
412893567
798562413
654321798
321789654
987654321
275138946
846579123
139246875
413825769
762491538
598763412
954612387
321987654
687354291
145678239
273195648
869243175
356419782
412786593
798532416
924351867
631827954
587964321
123478596
467195283
859236147
516942738
234817965
798653412
681529374
342781659
975364821
135847296
879265134
246139875
563412789
412798563
798653412
384576921
621984357
957321648
832149576
179856234
456273819
513624798
264798153
798531462
645312987
321987645
987465321
175643298
348295176
269187345
523419867
416738952
897562413
651324789
782951634
934876521
172456839
369872145
845139276
526713498
413598762
798264513
654321987
231987654
987645321
139875246
857246139
246139578
518492763
462713895
793568421
674351982
321987654
985624317
813275649
276194385
549386271
165432798
492718563
738569412
654821937
321947856
987653124
176485239
835279146
249136875
563814792
412793568
798562413
624351987
381927654
957648321
478215369
139876245
256439871
314562798
562798413
897143652
645321987
721984536
983657124
132567489
579841236
846239175
213475698
467398512
985126743
354912867
621783954
798654321
125376849
346895127
879214635
513429768
462781953
798563412
657138294
231947586
984652371
812745369
349816725
675239148
523178496
168492573
794563812
456321987
231987654
987654231
125468739
439175268
678239145
543712896
812596473
796843512
354921687
261387954
987654321
132945678
759836142
846217539
513492786
468751293
297368415
684123957
321579864
975684321
239857146
875146239
146239578
361425897
452798613
798613425
584371962
613982754
927564381
275146839
639258147
148379625
463512798
892467513
751893462
384721956
526984371
917635284
239475168
175268349
846139275
562841793
314697582
798523416
651782934
423916857
987354621
175346289
468259731
239178645
356412978
742895163
891637524
614523897
923781456
587964312
685231749
147895236
239467815
351786492
426913578
798542163
514329687
962178354
873654921
142385769
859267143
367149285
275491836
413628597
698573412
534716928
781932654
926854371
645278139
178395246
239146875
513864792
482719563
796532418
954621387
321987654
867453921
129345786
345678129
678129435
253416978
716892543
894537612
432951867
961783254
587264391
812435796
469872135
537169248
123546879
745298613
698713452
984321567
276954381
351687924
139872456
847536129
265149378
516423897
392718645
478965213
754681932
621397584
983254761
489275136
175638249
236149857
327416598
514893672
698527314
752364981
841952763
963781425
815376249
246589137
379142865
562418793
438795612
791263458
124937586
653821974
987654321
275368149
148259736
936741258
562413897
419827563
783596412
324675981
851932674
697184325
245138679
689275134
137649825
563412798
412897563
978563241
754321986
321986457
896754312
245736198
789124536
136985274
573412869
462893715
918567423
654371982
391248657
827659341
236198547
485273169
179546832
517432698
692815473
843769215
954321786
321687954
768954321
275836149
149275638
638149275
563412897
412798563
897563412
724351986
356984721
981627354
145236789
279841536
836759142
368412975
512978463
497563218
651394827
723185694
984627351
149875236
875236149
236149875
413762598
592418763
768593412
654321987
321987654
987654321
245136798
136879245
879245136
463512879
512798463
798463512
654321987
321987654
987654321
132846579
456279831
879135246
563412798
241798365
798653412
684321957
325967184
917584623
132576849
486139275
579248136
263415798
814792563
795863412
648321957
351987624
927654381
125637849
346189275
879245136
413562798
592718463
768493512
654321987
281976354
937854621
241368579
635179248
879245136
563492781
418756923
792813465
354621897
126987354
987534612
126359478
345876129
897142536
963214785
512798643
784563912
259431867
631987254
478625391
231679845
546831279
879245136
365712498
412986753
798453612
154328967
623197584
987564321
125368749
346179285
789245136
563812497
218794563
497653812
652431978
831927654
974586321
145236789
638179245
279458136
413592678
562781394
897364512
924617853
381925467
756843921
142536879
537289146
869147235
326815794
415792368
798463512
651324987
973658421
284971653
135276489
846139275
279548136
563712894
412895763
798463512
624381957
351927648
987654321
132476859
598132467
476895132
863217945
215948673
749563218
654329781
327681594
981754326
146237895
235189467
789546123
412365978
563798214
897412536
651823749
328974651
974651382
134859267
285176349
769243158
451732896
826491573
397568412
613925784
948317625
572684931
136247895
245189367
879635124
463712589
512498736
798563412
654321978
921874653
387956241
123467985
568139247
479285136
234516798
715894623
896723451
652341879
341978562
987652314
132546879
576189243
849273156
463812795
215497638
798365412
624931587
351728964
987654321
135468279
276139845
849275136
468512793
512793468
397846512
654327981
723981654
981654327
257136849
136849275
489257136
314562798
562798413
798314562
623475981
841923657
975681324
125873469
439126578
876495132
568312794
213749856
794568213
352681947
941237685
687954321
123467589
567389124
849215637
316542798
492178356
758693241
634821975
985736412
271954863
136248975
275139468
489675132
562413897
713892546
948756213
654321789
321987654
897564321
274136895
136589247
589247136
463712958
712895463
895463712
621374589
358921674
947658321
123879645
845136279
679245138
251467893
436982517
798513462
914328756
362751984
587694321
123456789
876139245
459278136
561342897
294781563
738965412
642513978
315897624
987624351
234658179
175239846
689147235
546312798
821794563
793586412
352461987
917823654
468975321
175236849
368149275
249875613
483912567
512768934
796453128
954321786
631587492
827694351
175234689
238169457
649857132
562413798
814792563
793586214
456328971
321975846
987641325
126349875
475186239
839257146
563812794
214793568
798564312
652471983
341928657
987635421
823149576
146275839
579836142
265718493
431592768
798463215
654321987
312987654
987654321
124637589
835129467
679845123
563412798
492378615
718596342
356281974
247963851
981754236
835146279
146279358
279385146
563412897
418597623
792863415
651728934
384951762
927634581
246135879
139876245
875249136
563412798
412798563
798563412
651324987
324987651
987651324
134857269
279136845
685249137
562413798
413798652
798562413
841325976
326971584
957684321
132475869
469238175
875169432
243516798
516897243
798324516
354681927
921753684
687942351
123785649
459136287
768249135
315462798
246897513
897513462
682371954
531924876
974658321
239146785
176835249
845279136
563412897
412798563
798563412
651324978
324987651
987651324
139246875
246587139
875139246
493615728
612798354
758423961
984362517
521874693
367951482
129635748
345817629
876249315
513496872
492781563
768523491
954362187
631978254
287154936
134576289
286139547
975248136
413892765
562417893
798365412
657981324
849723651
321654978
124365879
538179624
679248135
463512798
812794563
795836412
356421987
241987356
987653241
126345879
379816245
548972136
863524791
412793568
795168324
654231987
931487652
287659413
124765839
869134257
357892146
513486792
478219563
296573418
645327981
731948625
982651374
836175249
149236875
275849136
563412798
412798563
798563412
654321987
321987654
987654321
139246875
846375129
257189436
413527698
672498513
598613742
961834257
725961384
384752961
145689273
236175849
879234156
317562498
462798315
598413762
654321987
921857634
783946521
135246789
648179235
279835146
563412897
912768453
784593612
456321978
321987564
897654321
139246875
568137249
274859136
653412798
412798563
897365412
345621987
721983654
986574321
125346789
346789125
789215346
573162498
612498573
498573612
234851967
861937254
957624831
135849276
279136845
846275139
563412798
412798563
798563412
654321987
321987654
987654321
273145689
159386247
648279135
315462798
492718563
786593412
534821976
861957324
927634851
176235849
238149675
945678132
513462798
462897513
789513426
654321987
391786254
827954361
234169857
156783249
879245136
365412798
412978563
798536412
643821975
521397684
987654321
139846275
276135849
845279136
513462798
492718563
768593412
354621987
621987354
987354621
172396845
345871269
689245137
263517498
794638512
518429376
451762983
926183754
837954621
157836249
236149578
849275136
362418795
514793862
798562314
675324981
421987653
983651427
134265789
856179243
279438156
345712698
782946531
691583472
428351967
513697824
967824315
358146279
126379845
749825136
563412798
412798563
897563412
634251987
281937654
975684321
176235849
239846157
485179236
563418792
814792563
792563418
647321985
351987624
928654371
576143298
138259476
249876135
863712549
495638712
712594863
654321987
321987654
987465321
129346857
376158249
845729136
562413798
418972365
793865412
654281973
231597684
987634521
234168579
175239846
869745132
356412798
417893265
982576314
698321457
541987623
723654981
179234568
836157249
245869137
361472895
452398671
798516324
514723986
627981453
983645712
246139578
138567249
795842136
312476895
459218763
867395412
573921684
624783951
981654327
132456879
756289143
489137265
513642798
264798531
897513426
648321957
321975684
975864312
123476589
456289137
798135246
214367895
375891462
869542371
537628914
642913758
981754623
123679548
456832179
879145236
315496782
942783615
768521493
534218967
291367854
687954321
235467189
146289357
879135426
562813794
314792568
798546213
687321945
451978632
923654871
136247985
285396147
479158236
341562798
592784361
768913452
614829573
823475619
957631824
241385679
635179842
879246135
158423796
462798513
793561284
514832967
326917458
987654321
135246879
247839156
689175234
316452798
472698513
598713462
764321985
923587641
851964327
123876945
645129873
879435216
516243798
432798561
798561432
254317689
367982154
981654327
245136789
137982465
689457231
356241897
412798653
798563142
574829316
861375924
923614578
834256179
256179384
179348256
562493718
418762593
397581462
641825937
923617845
785934621
125876349
476139285
389245716
637412598
542798163
891563427
764951832
213687954
958324671
825346179
347129685
196875234
563412798
412798563
789563412
258631947
971284356
634957821
246135879
835279146
179846235
463512798
712498563
598763412
654321987
321987654
987654321
465238179
238179456
179456238
512863794
843792561
796514823
654321987
321987645
987645312
236179845
145238679
879546123
324865791
517492368
698713452
961324587
453987216
782651934
134279586
268135479
795846132
513462798
842791365
679583214
956327841
427918653
381654927
123546879
476289135
859173246
568412793
312795468
794368512
245631987
931827654
687954321
135246879
276839145
849157236
512364798
468792513
793518462
324681957
957423681
681975324
175236489
236849175
849175236
463512798
512798643
798463512
684321957
321957864
957684321
157836249
236149875
849275136
314562798
672498513
598713462
765321984
423987651
981654327
126849573
875236149
349175268
513428796
462791835
798563412
654312987
231987654
987654321
231649578
567823149
849157236
324916785
175238964
698475312
452361897
916782453
783594621
126347895
345289167
879165234
512436978
493718526
768592413
657821349
284973651
931654782
236478195
145239678
789156234
463712859
512893467
897564312
654327981
321985746
978641523
235146789
786239145
149875236
367412598
412598367
598367412
651924873
923781654
874653921
125346789
736189245
849275136
513462978
462798513
978513462
654931827
391827654
287654391
274135896
836249175
159867243
762491538
413528769
598673412
645912387
321786954
987354621
145236789
276849135
839175264
483712596
762598413
591463872
658321947
324987651
917654328
215436879
376189245
849275136
153624798
462798513
798513462
524361987
681957324
937842651
123489675
576132849
489576231
361258497
892741563
754693182
647325918
218967354
935814726
236175849
189346257
475289136
364512978
512798463
798463512
653921784
941837625
827654391
876139245
135246879
249875136
513462798
492718563
768593412
654321987
321987654
987654321
146235879
238976145
579841236
865412793
412793568
793568412
651327984
324189657
987654321
145238679
239176845
678549132
563412798
812793456
794865213
456321987
321987564
987654321
134279568
259836174
678154239
463712895
815693742
792548613
546321987
321987456
987465321
234785169
159236847
867149235
413572698
672498513
598613724
745321986
381967452
926854371
145236789
236879145
879145236
314527698
562918374
798364512
421693857
953782461
687451923
241836759
639257814
875149236
563421987
412798563
798563142
124375698
356982471
987614325
132476895
648359172
795218436
213845769
486792513
579163248
354621987
821937654
967584321
213567849
456839172
789142356
132456798
594718263
678293415
345621987
821975634
967384521
146235879
835179246
279468135
413726598
592841763
768593412
654312987
321987654
987654321
845236179
236179845
179485236
463512798
712948563
598763412
624891357
351627984
987354621
234175869
789236145
165489237
473512986
612948573
598367412
356824791
821793654
947651328
234578169
859126374
167349528
583412796
426793815
791865432
645231987
372984651
918657243
249136875
356278149
178549236
512864793
493712568
867953412
624387951
931425687
785691324
824356179
736189245
195247368
213475896
469812537
578963412
357621984
942738651
681594723
239175468
485236179
176849235
512468793
743592816
698713542
864321957
321957684
957684321
129436875
345178269
768259143
413562798
872914536
596783412
654321987
231897654
987645321
136245789
279386145
845179236
563412897
412798563
798563412
324651978
951837624
687924351
234659178
167283945
589174236
653412897
472398561
918567324
745921683
321846759
896735412
126358749
349176825
785249163
514762398
293481576
678593412
431625987
852917634
967834251
276835149
139246857
845179236
413562798
762498513
598317462
654723981
321984675
987651324
124368795
369715248
785249136
513426879
472891563
896573412
658134927
231957684
947682351
214536879
639278145
875149236
493815762
762493518
158762493
546321987
321987654
987654321
129376845
346285179
875149236
253491768
461728593
798563412
514932687
632817954
987654321
279536148
136248759
845179236
367451892
412897563
598623471
624385917
751962384
983714625
125346789
836179245
479825136
253417698
614298573
798563412
542931867
361782954
987654321
126345879
379286145
845179236
563412798
412798563
798563412
251934687
634827951
987651324
214537869
389216475
675849231
163452798
497168523
528793146
856324917
732981654
941675382
126375489
835149276
749286135
563417892
412938567
978562314
284691753
391754628
657823941
234156879
857239146
169874235
473512698
612798453
985463712
546321987
321987564
798645321
819236475
234579816
576148239
163792548
925481763
748365192
452613987
381927654
697854321
172536489
369842175
485179236
243715698
516298743
798463512
854321967
621987354
937654821
129536847
736148295
845279136
263415789
914782563
578963412
452391678
381627954
697854321
125346789
834179256
769258134
512463897
378912465
496587312
641735928
257891643
983624571
813256479
456179238
279843156
135792684
624518793
798364512
582431967
361927845
947685321
135867249
486239175
279154836
563412798
724698513
918573462
652341987
391785624
847926351
835276149
146839275
279145836
563412798
412798563
798563412
654321987
321987654
987654321
123849657
685273149
479156238
512467893
347918562
896532471
254391786
961784325
738625914
345286179
167349852
289175436
536412798
412897563
798563214
853621947
921734685
674958321
132467895
845239176
679158243
213584769
456791328
798623451
324915687
561872934
987346512
123568749
486739152
579142836
635417298
214893567
798625413
952371684
341286975
867954321
814235679
236798145
759146823
523614798
471829536
698573412
145362987
367981254
982457361
235618479
846379215
179245368
713452986
462891753
598763124
651924837
324587691
987136542
123576849
648239175
579148236
815462793
492713568
736895412
954321687
381657924
267984351
234156798
867239145
159847236
326418579
415792863
798563412
641325987
573981624
982674351
841239567
235876149
967145238
356712894
412968375
789453612
674521983
128397456
593684721
246839175
135276489
789145236
413562798
592718364
678493512
964321857
821957643
357684921
135476298
246819375
789235146
351724869
462198537
978563412
624357981
817942653
593681724
236579148
145286379
789341265
563492781
412768593
978153426
394825617
621937854
857614932
135842679
278369145
496175823
563217498
712984536
849536217
654723981
321698754
987451362
685243179
173689245
249175836
426518793
517932468
938467512
864321957
352794681
791856324
125836749
437129568
689574132
316452897
592768413
748913256
953247681
261385974
874691325
568234179
137859246
249167835
653412798
471698523
892573614
915326487
386741952
724985361
136245879
278936145
459178236
362419758
814752963
597863412
945321687
621587394
783694521
368219475
125847369
749536128
513462897
492758613
876193254
254371986
631985742
987624531
136849275
245176389
879235146
314562798
592718634
768394512
451923867
623487951
987651423
456238179
137459268
289176345
513824796
862791453
794563812
625317984
341985627
978642531
235486179
876139245
149275836
463712598
512948763
798563412
654321987
321897654
987654321
234156789
756389142
198427536
563214897
812795463
479863251
641532978
325978614
987641325
475136289
236489157
189275346
513892674
642751893
798364512
324517968
861943725
957628431
235146789
467589132
198237456
513672894
826491573
749853261
654328917
372915648
981764325
134689275
256347189
789215346
573162498
412798563
698534712
845921637
321876954
967453821
126549738
745138269
389276145
512483697
467912583
893765412
251394876
634827951
978651324
823159467
475368129
169274835
546812793
312697548
798543216
654731982
231985674
987426351
176839245
835246179
249175836
561324798
423798561
798561423
612453987
354987612
987612354
134286579
856739124
279145836
563412798
748593261
912867345
695321487
421978653
387654912
813256479
459387216
276149358
364712895
521498763
798563142
645821937
132975684
987634521
124835796
369127458
785469123
573216849
418793265
296548317
651372984
847951632
932684571
276835149
143796285
895142376
562413798
419278563
738569412
684351927
321987654
957624831
129836574
346275198
785149236
563418729
412793865
897562413
654321987
971684352
238957641
819236475
234578619
576149238
123865794
458792163
697413582
785321946
361954827
942687351
139876245
648235179
257149836
523614798
491728563
876593421
764351982
312987654
985462317
235876149
149235768
678149235
753412896
412698573
896753412
364521987
921387654
587964321
836145279
249378156
175269834
463512798
512897463
798634512
651423987
327981645
984756321
124685379
869173245
375249816
213456798
458792163
796831452
641528937
532917684
987364521
634125897
279846135
185379246
563412978
412798563
798563412
856931724
341287659
927654381
234576189
856139274
179842536
463215798
712498365
598367412
321684957
985721643
647953821
234196578
786235149
159478236
463712895
512849763
978563412
645321987
321987654
897654321
235168974
846973125
179245836
563412789
412789563
798356412
654831297
321597648
987624351
236178945
845369271
179245386
563412798
418793562
792586413
651924837
927831654
384657129
239875146
845136279
176249538
562714893
413598762
798362415
651423987
327981654
984657321
135248679
468739125
279165834
314526798
752891463
896374512
523417986
641983257
987652341
136245789
275389146
849167235
357412968
412698357
698573412
563721894
921854673
784936521
173268945
846539172
295741836
731456298
462897513
958123764
619385427
384972651
527614389
873152469
156349278
249678135
537281946
612794583
498563712
764825391
921436857
385917624
129647385
486235179
735189246
563412798
214798563
978563412
652871934
341926857
897354621
832456179
169873245
475219836
516732498
247198563
398564712
654321987
921687354
783945621
179836245
836245179
245179836
512463798
468792513
793518462
654321987
321987654
987654321
174239586
356187249
289465137
613742895
425918763
798653412
532891674
847326951
961574328
136845279
249176835
875239146
563412798
412798563
798563412
354621987
621987354
987354621
236745198
179286345
548139276
325418769
861927534
497563812
654372981
712894653
983651427
276135849
139846257
548279136
361452798
482791563
795368412
613527984
824913675
957684321
126857349
839146275
475239186
563412798
214798563
798563412
657381924
941625837
382974651
289146375
136857429
475239816
512364798
394718562
768592143
641985237
823671954
957423681
123476895
486195273
579238146
614582739
235719468
798643512
842361957
351927684
967854321
346178529
289345176
175926834
463512798
512897463
798463215
631254987
824739651
957681342
123476859
469185273
578239146
215643798
734892561
896751432
651324987
347918625
982567314
123647859
546819237
879235146
218564793
394728561
765193428
651372984
432981675
987456312
135496278
246178359
879235146
453612897
712849563
968753412
694321785
521987634
387564921
245136789
137489256
896275143
513742698
472698315
968513472
654821937
321957864
789364521
135876249
296145873
478239615
519462738
342798561
867513492
754321986
623987154
981654327
126345789
347896125
589172346
863219457
412758693
795463812
674521938
231987564
958634271
134689275
576124839
289735146
365217498
412398567
798456312
653942781
921873654
847561923
126375498
359846127
478129536
513462879
864793215
792518643
645931782
231687954
987254361
123879465
569142873
874635129
235461798
716298534
498753216
652314987
341987652
987526341
125346789
476819235
839257146
563124897
214798563
798563412
687435921
351982674
942671358
138456279
467219835
259837146
513624798
842791563
796385412
625143987
381972654
974568321
145276839
836149275
279835146
563412798
412798563
798563412
654321987
321987654
987654321
125648937
346179825
879235146
561482793
234791568
798563214
412357689
953816472
687924351
125349678
847256139
639871524
568412793
412793865
793568412
956124387
371985246
284637951
236149578
415678239
879235146
563812794
128497365
794563812
651724983
342981657
987356421
146279538
385146279
279835146
412683795
563497821
798512463
954321687
831764952
627958314
548179236
139246875
276835149
362417598
715398462
894562713
453621987
921783654
687954321
132679548
567841239
489235716
273418695
645793821
891562473
954326187
326187954
718954362
145236879
237849615
869175234
572463198
413798562
698512743
754321986
326987451
981654327
175234689
236819475
489576132
543162798
912748563
768395241
394621857
651987324
827453916
175846239
246139875
839275146
453712698
612498753
798563412
564321987
321987564
987654321
213647589
675189243
489235176
536412798
142798635
798563412
854321967
321976854
967854321
143267589
256189347
789345126
314572698
562498713
897613254
431826975
678951432
925734861
273146859
145389276
869275143
351428697
482697531
796513428
624731985
538962714
917854362
172849536
543126879
869375142
436512798
215798463
798463215
654231987
321987654
987654321
125637489
876149235
439825671
361452798
742981563
598763142
254396817
613278954
987514326
435162879
168749235
279538146
513496728
846273591
792815463
654321987
321987654
987654312
175246839
346819275
289735146
513462798
924178563
768593421
657321984
431987652
892654317
175436289
386219475
249578136
461792853
893145762
752863914
638921547
524387691
917654328
124539768
375816249
869742135
613475892
748293516
592168473
456321987
231987654
987654321
345129867
178346259
269875134
593412678
416798523
827563941
954231786
632987415
781654392
124736985
568149237
739258146
215463798
473891562
896572413
642315879
351987624
987624351
824167539
136459278
579832146
263918457
415726893
798543612
652371984
381294765
947685321
236145879
149873256
875269134
517432698
462798513
983516742
654321987
321987465
798654321
136845279
249176835
785239146
461723598
572981463
893564712
914352687
328617954
657498321
123465879
469871235
875239146
346152798
512798463
798346512
631524987
954687321
287913654
142835769
869247135
537169842
296413578
415786293
783592416
651324987
328971654
974658321
139468275
246175839
875239641
563812794
412793568
798546312
654321987
321987456
987654123
139468275
246175839
875239146
562314798
413897562
798652314
654721983
321986457
987543621
234156789
157289436
986374215
568432197
412798653
793561842
641923578
325817964
879645321
129346785
836175249
547829163
265417938
413298576
798563412
954631827
371982654
682754391
125346789
346879125
879125346
563412897
412798563
798563214
254631978
631987452
987254631
826135749
139274685
547869123
653428917
412793568
798516432
274351896
361987254
985642371
134256879
869147235
275839146
312465798
548792613
796318452
481523967
623971584
957684321
182576439
436129875
759834216
563412798
214798563
978365142
647253981
321987654
895641327
139246875
246875139
578139246
463512798
712498563
895763412
654321987
321987654
987654321
239146578
186275349
745839126
562413897
471598263
398627415
654782931
823961754
917354682
134276589
856139274
279548136
513762498
462895713
798413652
345921867
621387945
987654321
129376485
346185279
875249316
563412798
412798563
798563142
634821957
281957634
957634821
146235798
279846135
835179246
453712869
612498573
798563412
564321987
321987654
987654321
123645879
479182536
658739142
261453798
734918265
895267413
542391687
317826954
986574321
172346859
469815237
835279146
513427968
647198523
298563714
356781492
721934685
984652371
175498236
248136579
639275148
463812795
512749683
897563412
354921867
921687354
786354921
124359678
567148239
839276145
453682791
216794583
798531426
675823914
341967852
982415367
142835976
379146285
586279143
265491738
413728569
798563412
634912857
821357694
957684321
245136789
176849235
839275146
463512978
712498563
598763412
654321897
321987654
987654321
125346789
347985126
698172345
563214897
482793561
719568432
854621973
271439658
936857214
146235879
789146235
235879146
513462798
462798513
978513462
354921687
621387954
897654321
846135279
127649835
935872146
562714398
413968527
798523614
679251483
351487962
284396751
176245389
238169475
495837126
523618794
819724563
764593812
342971658
651382947
987456231
126345789
379281465
485679213
713462598
562798341
894513672
651824937
248937156
937156824
149236875
678145239
235879146
513462798
462798513
897513462
756321984
321984657
984657321
138246579
274159836
569837142
643512798
815794263
792683415
456321987
321978654
987465321
172496835
846135279
539872146
321549768
465718923
798263514
653921487
914387652
287654391
879132456
241675839
536489271
153294768
692718543
784563192
465321987
318957624
927846315
135246789
246789135
789135246
563412897
412897563
978563412
624351978
351978624
897624351
235647189
146289735
789135246
361452897
472891563
598376412
654713928
913528674
827964351
124876935
356149872
879235146
563412798
412798563
798563214
635921487
241387659
987654321
125678439
346129875
789345216
563412798
412897563
897536124
231954687
674283951
958761342
136245879
245789136
789136245
563412798
412897563
978563412
354921687
621378954
897654321
123496875
486175239
975238146
361542798
592817463
748369512
659721384
214983657
837654921
134269857
265748139
879135246
543872691
612394785
798516423
956421378
321987564
487653912
146879235
385246179
279135468
563417892
492568713
718923546
624351987
831792654
957684321
123745689
846129375
579836124
365214798
412978563
798563412
631482957
257391846
984657231
384256179
259174836
176839245
793412568
512768493
648593712
435621987
921387654
867945321
241657839
836249157
579138246
362471598
415892673
798563412
653724981
127985364
984316725
648279135
235146879
179835246
853462791
412798563
796513428
564321987
321987654
987654312
236149875
845267139
179835246
563482791
412793568
798516423
654321987
321978654
987654312
836249175
245176839
179835246
563412798
412798563
798563412
624381957
351927684
987654321
246179385
385246179
197835246
763512894
412798563
958463712
674321958
529687431
831954627
124679538
835124679
679835241
513492786
462718395
798563412
281346957
356987124
947251863
145236789
276849135
839715246
513472698
462198573
798563412
654381927
981627354
327954861
145823679
276149385
839675124
463517298
512498763
798362451
654781932
321956847
987234516
127345689
643198275
859276143
516432798
492857316
738961452
974523861
361789524
285614937
275834169
146279835
839156247
593418726
412763598
687592413
764325981
321987654
958641372
146239875
275846139
839175246
562413798
418792563
793568412
654321987
321987654
987654321
214839675
357246891
896175243
165492738
423718569
789563412
571324986
632987154
948651327
132468579
745129368
869375142
213746895
457891236
698532417
576214983
321987654
984653721
172649385
569238147
348157296
835412769
217896453
496573812
654321978
721985634
983764521
235146879
876239145
149857236
563412798
412798563
798563412
654381927
321975684
987624351
843256179
275149836
916837245
164372598
752918463
398564712
681423957
539781624
427695381
175246839
246839175
389175426
517462398
932718564
864593712
658321947
421987653
793654281
825146739
476239815
139578246
263495178
714862593
598713462
642351987
351987624
987624351
124389576
875246139
639175284
463712958
512498367
798563412
247831695
356927841
981654723
814239567
275146389
369875142
523418796
641792835
798563421
456321978
132987654
987654213
124537689
586249173
739168245
261475398
493816527
875923416
618392754
352784961
947651832
274368159
165249837
389175246
513426798
428791365
697583412
751932684
946817523
832654971
135246879
249378165
876159234
562413798
413897526
798562413
354621987
627984351
981735642
126835479
345769812
879124356
562413798
417298563
938576241
654381927
281947635
793652184
125479836
349286175
876135249
253614798
417892563
698753412
934521687
581967324
762348951
234875169
156239874
879146235
563412798
417698523
928753416
691524387
342987651
785361942
123546879
546789132
879123546
235467918
417895263
698312457
964231785
351978624
782654391
123749685
645182379
879536412
536497128
412865793
798213546
354921867
261378954
987654231
139246578
246578139
875139246
563412897
412897653
798653412
657321984
321984765
984765321
123458679
476129835
985376241
561284397
234791568
798563412
357612984
842937156
619845723
235148769
841976235
976235148
567412893
412893576
389567412
654321987
123789654
798654321
134257869
259186473
768349251
875461392
312798546
496532718
641825937
527913684
983674125
234165789
856279143
179384256
392416578
465728931
781593462
623947815
517832694
948651327
134257896
259186374
687439125
463712958
512894763
798563412
876321549
321945687
945678231
239146578
468257139
175839246
317562894
542398617
896714352
654921783
721483965
983675421
831246975
246795138
579138246
753461892
412879563
968523714
695312487
324987651
187654329
235146798
489275613
176389245
563412879
712893564
948567132
324651987
657938421
891724356
149276385
836145729
275839146
563412978
412798563
798563412
654321897
321987654
987654231
134265879
726849135
895371246
263417598
419528367
578693412
651732984
342986751
987154623
243865179
169237845
785149236
526413798
417928563
938576412
672381954
354792681
891654327
156249738
234876195
798135246
513482679
462791583
879563412
641328957
325917864
987654321
236157849
149836257
857249136
563412798
412798563
798563412
624371985
371985624
985624371
134296857
257148639
896573142
463812795
519734268
728965413
675321984
342689571
981457326
247365189
136289457
895174236
523416798
418597362
769832514
952641873
371928645
684753921
176248935
234795186
895136247
561423798
349817562
728569413
653974821
982351674
417682359
275346189
146289735
839175246
463512897
712498563
598763412
351924678
624837951
987651324
236145879
847296135
159837246
325419768
614728593
798563412
562371984
473982651
981654327
841635279
276149835
359827146
463512798
712498563
598763412
635271984
124986357
987354621
126345798
849276135
375189246
453612879
612798453
798453612
234961587
561837924
987524361
678245139
249136875
135879246
563412798
412798563
897563412
756321984
324987651
981654327
245136879
679248135
138579246
513462798
792815463
864793512
456321987
321987654
987654321
143267985
286195347
759348126
561432798
872519463
394786512
415623879
638971254
927854631
172946835
346258179
895137246
234561798
517892364
968473512
651324987
423789651
789615423
174236895
256489173
839175246
345812769
612794538
798563412
523641987
981327654
467958321
135826749
246179835
798435126
563214978
412798563
987563412
659341287
321987654
874652391
537246189
146389275
289175346
762413598
815792463
493658712
654821937
321967854
978534621
145827639
823469175
679135248
354618792
912754863
768293451
586341927
231976584
497582316
546237189
132689475
879145236
763412598
415398762
298576314
657821943
321964857
984753621
123648579
456179283
978235146
539416728
812793465
764582931
245361897
381927654
697854312
832146975
145879236
679235148
568412793
713598462
294763581
956324817
321987654
487651329
145679238
836241975
279835146
563412897
412798563
798563412
924356781
381927654
657184329
126849375
345276819
789135246
563412798
271598463
498763152
654321987
812957634
937684521
235146789
647289135
189375246
356412897
412798563
798563412
524631978
861927354
973854621
125368479
468179235
739245816
253416798
814792563
697583142
542631987
381927654
976854321
148976235
236458179
579132846
395214768
612897453
784563912
461329587
953781624
827645391
235476189
476189235
189235647
561742893
724398516
893561472
648923751
352817964
917654328
836145279
249786135
157239846
563412798
412978563
798563412
675321984
324897651
981654327
236849175
485176239
179235846
364512798
712498563
598367412
651783924
843921657
927654381
146258379
238479156
579136842
312764598
485391267
697582413
961825734
724913685
853647921
134259876
856147239
279386145
365812794
412793568
798465312
943521687
621978453
587634921
145836279
736219485
289475136
563192748
412768593
897543612
624381957
351927864
978654321
825136479
176849235
349275816
563412798
412798563
798563142
654321987
231987654
987654321
123456798
846279135
579831246
234918567
915763824
768542319
651397482
492185673
387624951
235176849
146839275
789245136
513492768
462718593
897563412
621354987
354987621
978621354
146837259
785296134
239145876
563412798
412978563
897563412
654321987
321789645
978654321
246539178
175248639
839176245
563712894
412895763
798463512
654321987
321987456
987654321
136478295
248596173
579132846
465219738
812743569
793865412
624351987
351987624
987624351
135649278
476823159
298157346
563412897
712598634
849376512
651784923
324961785
987235461
145836279
286179534
379245816
452763198
613498725
798512463
834621957
561987342
927354681
245368179
678149235
139572846
563214798
812795463
794836512
956421387
321987654
487653921
578146239
246839157
139275864
312598476
467312598
895467312
654721983
721983645
983654721
235476198
867139245
149285736
453691872
712348569
698527413
571962384
924813657
386754921
124365798
675849132
389172546
563418279
241793865
897526413
456231987
732984651
918657324
235846179
476139528
819275436
568312947
142798365
793564812
954621783
321987654
687453291
846139275
275486139
139257846
561842793
428793561
793561482
684325917
312978654
957614328
236478159
589136274
147259836
453612798
912784563
768395412
675823941
321947685
894561327
136845279
489273156
275169843
513492768
624738591
798516432
867351924
341927685
952684317
136485279
849276135
257139648
563912784
491768523
728543961
674391852
315827496
982654317
143278569
856149372
279356814
562413798
417892653
938567241
621935487
395784126
784621935
146257839
539846127
278139546
453612798
817493265
692578413
724365981
385921674
961784352
123486579
648795132
957132846
531247698
264819753
789563214
476321985
312958467
895674321
439268175
168457239
275139846
543612798
812794563
796583412
684321957
321975684
957846321
128576439
639142578
475839126
546218793
812793645
793465281
254381967
361927854
987654312
842135679
136749258
579682341
213467895
495218763
768593124
654321987
921874536
387956412
238145679
647289135
195736842
352418796
416972358
789563214
561324987
923857461
874691523
234156879
869274135
175839246
513462798
426798513
798513462
682341957
351987624
947625381
246157839
835649127
179238645
563712498
712894563
498563271
654371982
321986754
987425316
142837569
539146278
876259143
213468795
465792831
798513426
651324987
327981654
984675312
834169275
256874139
179235846
513642798
462798513
798513462
645321987
321987654
987456321
231846795
456179238
798235146
563412879
142798563
879563412
615327984
324981657
987654321
829146357
436578129
175239846
361452798
548791263
792863415
614385972
253917684
987624531
219547368
834126975
675839124
123458697
467291583
598673412
741362859
382915746
956784231
142538679
379246185
568179243
823415967
416792538
795863412
657321894
231984756
984657321
824365179
579814236
136279845
265143798
413798562
798526413
651432987
342987651
987651324
173865249
259374186
648129375
315642798
492718563
867593412
534981627
926437851
781256934
876245139
149836275
235179846
563412798
412798563
798563412
651324987
324987651
987651324
146837295
875249136
239156874
563428719
412793568
798561342
657912483
921384657
384675921
123459678
456871239
798236145
364592781
912748563
875163492
247385916
631927854
589614327
123549678
846127539
579386142
318652497
465798213
792431856
634275981
951863724
287914365
839246157
147835269
265179834
354612798
612798543
798453612
483521976
921367485
576984321
234165789
175849236
869273541
756432198
412598673
983716452
648351927
521987364
397624815
234518679
879346215
165279384
346192758
512837946
798465123
653724891
421983567
987651432
274156839
139248567
865739124
513462798
482971653
796583412
658327941
341895276
927614385
216475839
478139256
935286147
542718693
163942785
789563412
654321978
321897564
897654321
234169875
156827349
879543126
513492768
462718593
798635214
621384957
345971682
987256431
143269875
856174239
279538146
315642987
762893514
984715362
697321458
521487693
438956721
139246587
467385129
258179346
312564798
594718263
876923415
643851972
921637854
785492631
172349568
346185279
895276134
513892746
468517923
729463815
657931482
934728651
281654397
235176849
176849235
849235176
513492768
462718593
798563412
624351987
381927654
957684321
125346789
346789125
789125346
461257893
532498617
978613254
253961478
694872531
817534962
275146398
136289547
489537126
564328719
712495863
893671452
621753984
348912675
957864231
125678439
673149825
498235176
534712698
712896543
869453217
251367984
346981752
987524361
236145879
145879236
879236145
513462798
462798513
798351624
651923487
324587961
987614352
135249678
246178539
789365142
567412983
418793265
392586714
654821397
821937456
973654821
275149836
136875249
849236175
513462798
462798513
798513462
654321987
321987654
987654321
127849356
356127849
849536172
531468297
462791583
798253461
674382915
215974638
983615724
135267849
846519237
279348156
412635798
567891423
983472561
658723914
321984675
794156382
835146279
176295438
249837156
362519784
491728563
758463912
514382697
623971845
987654321
157246839
836179245
249538176
963425718
472891563
518763492
685314927
321987654
794652381
275146839
138259647
649837152
582364791
413798265
796521483
354672918
921483576
867915324
136279485
875146239
249835176
563412798
418793562
792568314
624381957
951627843
387954621
136479258
845213796
279865134
461532879
792148563
358796412
614327985
523981647
987654321
156248739
837159246
249376185
563714892
412895673
798623451
684532917
321987564
975461328
823149675
145276389
679835142
316452798
457698213
298713456
534921867
762584931
981367524
235146789
146879235
789235146
567413892
412798563
398652417
654321978
821967354
973584621
124836579
365179248
798245136
213468795
549317682
876592413
451683927
637921854
982754361
142576839
576839124
839241675
613452798
294718563
785963241
461325987
328197456
957684312
145678239
236149875
789253146
563412798
812795463
497836512
654321987
321987654
978564321
271345869
365879124
849216573
513462798
496187235
728593416
152634987
934728651
687951342
145839267
236147859
789256143
351462798
472918536
698573412
864321975
523794681
917685324
245179836
176538249
839246175
562413798
418792563
793865412
621354987
357981624
984627351
146835279
275196834
839247156
513429768
427568391
698713542
954382617
362971485
781654923
135269847
846173295
279845136
513497628
462518379
798632514
654721983
327986451
981354762
835146279
146279538
279538146
561492783
428713965
793865412
654321897
312987654
987654321
145276389
876139245
239485176
453612798
712598463
698347512
364851927
981723654
527964831
145267839
376189245
289345176
563412798
724896513
918573462
452631987
691728354
837954621
173269845
246185379
589347216
365492781
492718563
718536492
654821937
821973654
937654128
386179245
147256389
295834176
513462798
472598613
869713452
954321867
621987534
738645921
126374859
578916243
349825176
261458397
437192568
895763412
614237985
952681734
783549621
346179285
128435679
579826134
213548796
465793812
897261453
754312968
632987541
981654327
235167849
146289735
798345126
961432578
852791463
473856912
619524387
327918654
584673291
134765892
259148736
678239145
513472968
497816253
862593471
746321589
325987614
981654327
246175389
138469275
579238146
362714598
715893462
894526713
451682937
623947851
987351624
123546789
679183245
845279136
516432978
294718563
738695412
452361897
381927654
967854321
129376485
876145329
345289176
563412798
412798563
798563214
654921837
931857642
287634951
134876259
276159834
859234176
523418697
461792583
798563412
345921768
612387945
987645321
245137869
137896245
689245371
316452798
492718536
578369412
754621983
821973654
963584127
129346785
736895142
548127396
263519478
417238569
895674213
652481937
371962854
984753621
