1000
000000200
008000000
000200000
000070050
020000000
000090000
000000002
000000000
001080000
001000000
000000080
000007000
000008000
400000000
000000000
000000000
000000000
000000006
000002700
590000000
010000400
300700200
020000800
001000000
670000000
000000086
000000000
800000000
000007080
000002100
000000000
000070000
000008000
000000000
000050000
700000000
000000030
040000070
000400006
000000805
000026000
000000000
000000000
000000000
000100000
700000000
000200000
000000060
072009000
040015302
000000504
000004050
060000000
000000000
000100000
040000000
000000000
000000000
000000000
000000000
000000000
900000000
003000000
003000000
000000000
000000900
000000000
000020000
000000200
000000000
000000070
000000000
000000000
000100000
000500000
000000000
000000000
000000000
007000000
000000000
050000000
000000020
000000000
100000000
000000000
090000000
000000000
009000000
000500013
000740000
100005709
000000000
700000000
000000000
000000000
000600402
000000000
000069000
000000020
000000000
000000000
000000000
000000000
000000000
000000000
000000000
000200000
060000000
000000000
000000000
000009000
000000000
000600000
000000000
600000000
001000000
000000000
000000807
000020000
050000090
400000000
000000000
006000040
030000000
070000000
000000000
000000000
070000000
000000000
000006000
000000000
020700000
000000080
000000000
000000000
000000020
007000050
050000000
000200004
000050000
000800000
000000000
000000000
002000000
000100000
000000000
000007000
000000000
800000100
000000000
000040700
000000600
000000000
000000000
000000060
000000000
000000000
000000000
000000000
807000000
000000008
000000000
000000009
000000000
000000800
000000600
000000000
000000100
000000000
000000030
600000000
000700040
000000000
006008000
000000090
008000030
000000010
089000000
000000000
070640000
000000000
000000000
000000000
000000000
000000000
000000000
000000000
000000000
000000000
000000500
005030000
000000000
000000700
000010000
000300000
000000000
000000000
000090000
000000000
000000000
800000002
000000000
000000000
000000004
000000000
400000008
106000000
000000001
002000000
000000006
000000020
000000034
000000000
000036000
000000000
000200700
000000004
000000000
000000000
000003000
040000000
000000000
000000000
000200600
001000000
076004000
103000005
000100006
000000060
300000000
000000900
000000000
000000000
800000000
070000000
000400500
000300000
000000000
000000000
000000002
000004000
000000000
509000000
000000000
000000000
000800000
000000000
000000000
000300000
000000000
000000000
000009000
000000000
000000000
000000003
002004000
000100004
000000000
300000000
000000230
000000000
000000000
000000000
000000000
000000000
000000000
000000000
000000000
000000000
000000000
000000000
000000010
000000000
000907000
009000000
000000000
024000900
700800000
010000600
000700000
000000000
000000000
000000000
000000000
306002000
001000000
050000000
000000008
000000000
000000000
000000000
000000000
000000000
000000000
000000000
000000000
000000000
000000000
000000000
000000000
000000000
000000000
050000000
000000000
000000000
000000000
000000000
000000000
000000000
000000300
000000908
000000000
000000000
000000000
000000000
000000900
000000000
000700002
002000000
000000000
000000000
000000000
000000000
000004000
000004000
070000000
008000000
080000400
006000000
000000300
000000009
204000000
150020000
000000000
070000000
000000300
000000005
020000000
000000100
000000000
000000000
005000000
000000906
700010000
000000000
003020000
000000000
005000000
006005010
000000000
000000000
500000000
000000040
000000000
003090000
000000000
000000007
000070000
000000008
076000000
000008000
000000000
000000020
000000000
000000000
000000200
000000000
000000000
000000030
000000000
000002000
000700000
000050000
008000030
000000600
100000000
000000000
200000740
000000000
000008005
000000000
008200000
000000600
000080000
000000000
006000900
001000004
000900000
000000000
000008300
000000000
050000000
003000000
000000000
900000000
000600000
000000000
000000000
000000000
000000000
000000000
000008000
000000000
000000000
000000000
000000000
000090000
040010000
009000000
000000000
000000000
000000009
000000000
000000000
000000000
000000000
000005000
000600000
000000070
000000000
900000000
000000000
000000000
004000200
002000000
000000100
000000000
000090006
000000000
000000800
000000000
000070000
000000007
000030000
600007000
000005000
000070000
806010030
000701000
003009000
000000000
000000009
060000000
000000000
000000000
000000000
000200000
000000000
000009002
074000050
000000000
000000000
100000000
000700080
000000000
000000000
000000009
000400000
000000000
060000000
000000000
000000500
000100000
000000000
000000000
040000000
000000200
000200000
000000060
000001000
000000000
000000000
000000000
000000000
000000000
000904000
000008100
000000000
000030000
000000000
000000000
000900000
000000000
000000000
000000700
060000000
800070000
030000000
002030007
040060003
000020000
000000000
000000000
000000300
000000000
010000000
000000080
000000000
500000000
000000800
070060000
000000005
000700000
000000000
000000009
000000001
000000000
000009000
900002000
000300060
060000000
000000000
000000000
000000000
000000000
020000000
000000000
000000000
000000000
000100000
000000000
090000000
009000000
000000000
000300000
004000000
000030000
000000000
000000040
000007000
090000006
008000000
002000000
700080900
000000700
000000000
245809000
800100000
000000005
050000000
000000800
000000000
000000000
000000090
003000000
000000000
000000000
000000000
000003000
080000000
405000000
200000000
030005000
000040006
000000700
000000000
000000000
000700000
003070000
000100000
002000000
000000007
000000000
000009000
520040000
000000000
000000006
000400000
000080000
804005000
070900000
060000009
000004000
000200000
000000800
000000030
000000000
000000000
000000000
000000000
000000000
000000000
000000000
000009000
000000000
000000000
000000051
000000040
000000000
000010080
500000000
000000000
000000000
000000000
900000000
000000000
000000000
000000000
000000000
000000000
000000000
000000060
000000000
000000060
500000000
007050000
050009000
000000500
000060700
600400000
000090000
000000000
000000000
000000000
000000000
000000000
000000000
000000000
000000000
000000000
000000000
000000000
000070000
000000000
000003000
000006000
000000080
000008000
000000010
000000000
000000000
000000000
000000000
000000000
000000000
000000000
000000000
000000000
000000000
000700090
001005030
000000000
005000700
000000009
400000010
000000000
000009000
000000000
003500000
000000000
900080600
600000000
000040000
000000030
000000900
365000000
000000200
000010008
050000000
000000000
003000000
000000000
000000020
000000000
000400000
000000000
000000000
200000000
000000000
010000000
000000020
000000000
000000500
000070000
001000000
000000010
000000000
000000000
000000000
000000000
000000000
000000000
000000000
000000000
000000000
000000000
000000000
000000000
000000003
070000000
000000000
000000000
000000000
000000000
007000080
000000200
000000000
000000000
000000000
000000000
000000008
000000000
000000000
000000000
020000000
000000005
000000020
000029000
000076000
000000000
900000000
000000000
000000000
000000000
000000000
000000000
000000000
000000000
000000000
000000000
000000000
000070600
000000000
000000000
000000000
000000000
050000007
000000000
000000400
000000430
000000000
800000000
000000000
000000000
000000020
000000000
000000000
000000000
000000010
000000000
009000080
000300006
000000000
005700002
000000000
000000000
090000000
200700600
000090007
080000900
000000000
007000000
000000400
000080000
000000000
050000000
000000000
900070000
030900040
000000000
000030000
000000000
000400002
000000000
000000900
000000070
000000004
000004000
007000000
000007030
000000000
000000000
060000200
000300000
410002000
002000000
000000000
000000500
000000000
700000900
000000000
300000000
000000003
000000000
300000000
000000000
000000000
000000000
000000000
080700006
000000070
000010000
000000000
000000000
000000000
000000000
000000000
000000000
000000000
000000000
000000000
000006000
008500000
005000000
000100000
000000000
007000000
000800000
000000000
300000001
000000000
000000000
000000000
000000000
000000000
000006000
000000000
000000000
000000000
000000000
070000000
000000000
000000040
800000000
060000000
000000000
004000000
000000000
003000500
000090000
800000000
000000000
000000001
300100070
000000600
000000000
000006018
000000002
000000000
000000000
000000000
100000000
007000000
002000500
040000000
000000000
010000006
000000000
070000400
200000800
000000000
000030000
000000507
000609004
000002080
000080000
000020000
007600000
000000000
000030008
000405000
000000000
000000200
000000000
026000009
300000200
000050000
000000600
000000000
280000000
000040980
000300005
000000000
000020000
000080000
003000000
000000000
000000000
000000006
000000000
000000000
000000000
000000000
000000000
000000000
000000000
000000000
000000000
000000000
000000000
000000000
000000000
000300000
000000000
070040000
000000000
380001000
000000200
500000000
060000008
090020000
000000000
000000000
500000100
000070040
000000000
000000080
000000000
000190060
000000000
000000000
004000000
000000000
000000000
070000000
000000000
000000000
000000000
000000005
000600090
700000004
000000001
000001000
000000026
002000000
000000000
000000000
000007200
000000000
000000600
000000702
000080000
000000000
000000000
000000000
000000100
000008010
000000000
006050000
900000000
000000020
000009000
007000080
060000000
000403000
000610005
000000080
060000000
000000000
000000000
000000100
000000000
000000000
800000000
000000000
300200000
500801000
080000000
000000002
090000000
007900000
009000000
000000900
000100000
000000007
000900100
009607000
017000000
400000000
000000000
000000000
090000000
719006000
000000000
000000000
300000400
000000390
000000000
000105000
000000000
001004020
000701000
000060000
000000800
000000020
000000001
300200000
000100000
000000060
000000000
000000080
000000000
000000000
000008000
000000070
000000000
000300000
000000000
000000000
000000000
000000000
000000500
000000600
000000000
000000000
090000700
000000000
000000000
000000000
300000700
900040000
010000040
000000000
000005002
000007000
002000001
000200000
000000000
013000504
000000082
004500000
050000000
000000000
000769000
000000000
000000000
700000000
000000000
000000009
001000000
000000000
000000000
000000000
000900000
008000000
000000000
000000000
000000090
003000400
000000000
000000000
000000009
000008000
000700000
004000000
000000000
000000000
000000000
000000000
000000000
000000000
000000000
000000000
000000000
000008000
000000001
070000000
000090070
000000400
000000204
000080100
093000000
000000030
000000000
000000000
000000000
000000000
010500003
000000000
004000000
000000070
000000000
000000000
000000000
000000000
000000000
000000000
000000000
000000000
000000000
000006000
000000007
000004000
020000000
000000000
000000000
000000000
000500000
800070000
940010000
000000000
000500006
080000000
003020900
000007000
001000000
000800000
000000000
000200600
000000000
030000120
000000000
002010000
000000000
000009000
000000000
000000000
400500000
000800600
080000000
000050000
300008000
000000000
000003000
000000000
590070010
508001000
000000000
100000070
000010700
000304009
000005200
000600000
080000000
000002000
000000000
000000000
000000000
000000000
000000000
000000000
000004000
000000000
000000000
000000700
000000000
000005000
000000000
000007000
000000000
000000000
050000900
000000000
000000800
080420000
000000000
090000000
000208000
000009008
000000000
000000000
000000000
000000000
000000000
000000010
000000008
000400000
010000000
000500000
000000000
000000002
000000690
000000000
000000000
000000000
000000000
000000000
000000040
000000000
000000000
400000000
000900000
000000000
000000000
900760000
000005000
040000000
000000000
000000700
034006000
000500000
000400000
200000100
000000000
090600000
000000000
000000003
000001000
002000000
000000360
000000000
008000000
000700000
000100002
000005900
000000000
000000000
000000000
000000000
000000000
000090000
000000000
000000000
000000000
000000000
000000000
000000000
000000000
000000000
000000000
000000000
000000000
000000000
000000000
000000000
000000000
000000000
050098000
300000000
900000000
000000060
000000000
000900803
000000000
000000350
000000000
000000000
000000000
000000000
000000000
000000000
000050200
000000000
000000000
000000000
000000000
000000000
000000000
000000000
000000000
000000000
000000000
600000000
000000000
000500000
007000000
000000000
000000000
004000000
006000000
003000000
000000000
000000000
000000000
000000000
000000000
000000000
000000000
000000000
000000000
000000080
000000000
000000070
000002000
000500009
000000000
000000000
080050000
000000000
005000000
000000100
000000070
080000000
090000000
000006000
000005900
000000000
000000000
000000000
050000000
000000000
000000000
000000000
000000000
000000000
000000000
000000000
000000000
000000000
000000000
000000100
000000000
000000000
000000000
000000000
000000000
000003000
000000006
000000000
000000060
000000000
000000000
000000007
400100000
070000000
407001000
000000000
000000000
000000000
000700000
000002000
000000000
000000000
000000000
060000000
000008000
000002000
000003090
000000000
004000000
200000070
000060041
000000008
000000000
000000000
000000000
000000000
000000000
000000000
000000000
000000000
000000000
700000000
000000000
000000000
200000000
800243000
005000900
000000000
050000090
000000000
000000000
000000000
000000000
000000000
000000000
000000064
000000000
000000090
030000000
000010000
900400000
001006804
090000000
000000000
072004000
400000020
000000000
000000000
008000009
305000000
000000030
000000090
000000600
000000002
000000000
040000000
050000000
000005000
000000000
000000000
000000000
000000000
080000000
000000000
000000000
000000000
000500000
000000000
030000001
000000000
100000000
000000080
080000000
209050000
300080750
060000000
000000000
200003000
000000000
000000000
000000000
000000000
000000006
000000000
000000000
005000000
800000000
000000000
000000067
000000500
000000000
000000000
000000000
000000000
000000000
000400060
000000000
000000000
000000000
000000000
000006000
008000000
000000005
000000000
000000000
000940000
000000000
900000000
000000000
000000000
000000800
310000000
000000002
000072000
003000000
000000200
000000000
000000000
000305000
137000000
009020000
000000000
000000000
000000300
002300040
000000000
136005000
000900000
000000003
000000000
000000000
000000000
000000000
000000000
000000000
000000000
000000000
000000000
000000000
000000000
000090000
000000000
000000000
000000000
000000900
080000000
000000000
000000000
000000000
000000000
000000000
000000000
000000000
000000000
000000000
000000000
000070000
000000000
000000040
500000008
100000000
000000000
000000000
800004100
000900000
000000000
000003010
000000700
000009000
000000060
000000000
000000000
002000070
000700080
000000003
007000000
400000008
000000000
009000060
000000210
002000780
000000005
000038020
000000000
000000000
050000000
000000000
000000000
000000000
000000000
000000000
001000007
004000000
000000000
000000002
000000000
000000000
700000000
000000000
000000000
005000000
000000050
000000000
000000000
000000000
000000000
000300000
081000000
000000030
000050000
000000000
000000000
000000004
008000000
000000030
000000000
000000000
000009000
000005000
000000000
079000000
300010002
000000000
000000009
030100000
000000090
010000000
000000010
900000000
005700301
080000000
000000000
000030000
007000608
000060000
000000000
020050000
000000000
000000000
000000000
000000000
060070000
500600000
001003000
000000000
000005000
000000000
000000000
500000000
000000000
000010000
000000000
000000000
000000000
000000000
000040000
000002000
000000000
000000000
000000000
000000004
000000030
000000000
000000000
000000000
000000000
000000000
000000000
000002000
000000000
000000000
100000000
000000000
000000000
000009000
000000600
000000000
010000000
000000000
000000000
000000000
000000000
000000400
100000602
000000000
001000090
003000100
400000000
000100803
000000000
000000000
000000100
000004000
005000000
000000000
200060000
000070090
000000000
000000003
000000000
000000000
000900006
100000008
000000000
000005000
000000000
000000001
000003000
000000000
000000000
000900000
000000007
000000070
000000000
000000000
000000000
000000000
000000000
000000000
000000000
080000009
000000000
000000000
000000000
000000000
000000020
070030000
080090000
000400201
000006700
000000000
010000000
006010000
007000004
000000000
000000002
009080000
050000040
000000005
000000000
020000000
000000000
000000000
300000400
000000000
000000000
000000000
000000000
000000000
000000040
000000000
000000000
000000900
000000000
080000000
000000000
000410000
000000000
020000030
530000000
000060005
100000000
700000000
000070000
000000000
000000000
000000000
000000000
000000000
000000000
000000000
000005000
000300000
900000000
700200000
000400501
000080090
000000030
000006000
003000000
005004000
701604000
003000200
000200000
400300000
600700000
009010700
007001000
000000000
000000000
000000000
000060002
000000000
400000000
000000080
000000060
004000000
050000000
000000000
000000000
010000000
000000000
000095006
000000000
000000000
000000000
000000000
000000000
000080000
000000010
000500000
000000000
000060000
000000005
000000000
060000000
000000240
000000070
000400000
003070020
000000503
000000000
000050008
000900000
000000000
500000000
000000000
000000000
000000000
000000000
000000000
000000000
000000000
000000000
000000000
000000600
000000000
200000000
000000000
000000000
000000000
000000000
000000750
000000002
000000000
600000000
000001000
009000000
000004900
000020080
000000060
070000005
000040000
000000600
000000000
000000200
001000000
004000005
500000000
000000000
000100950
000030100
000000000
010000000
000000000
004000000
000000000
000000800
000000000
000400000
000000000
000000000
030000000
000040000
000000000
600000000
000000000
000000000
000000060
000000003
000000000
000000000
000000000
000000000
000000000
000000000
000000000
000000000
000400000
000000090
000000000
000000001
000000000
000000000
000000010
003000000
000000080
000006040
000004000
000500900
000000000
000000000
000000090
003800005
000000600
000000000
000000000
000000000
000004060
270000000
000000000
000000000
000000000
000900000
000001900
090000000
000000000
000040000
000000000
000000000
000000000
030000000
000010000
000000900
000000000
010000000
400000200
000000000
000000000
000000000
000000000
000000000
003500000
000000000
600000000
000040000
300009206
002060000
000000000
000010000
000400000
095000000
000000000
000000000
000000000
000000000
000000008
000000000
000000000
000000000
000000000
000000000
000000000
905000000
000000070
000000007
000001000
000003008
070000000
000640200
080000000
000000000
000000000
000000802
000000300
700004000
400000080
000000600
000000009
000100000
000000000
000000000
000000000
000006000
000000000
000000090
000000000
000000000
000000000
000000000
000070000
000000000
000000000
000000000
000000000
000000000
000000000
000000000
000000000
000060020
000000000
000009000
000102000
030000000
000007050
006000000
000000100
000000700
000000400
002009000
000000000
000000000
000000000
070000530
000900000
000000060
009000000
200000010
000000009
000007000
000000400
000000000
080000000
000000000
000500000
000000000
200000000
700000000
000000000
000000000
000000200
000000000
000000030
000050000
000060000
000000000
009000060
000000000
006900000
097000003
000020000
000080090
000700004
000000000
000000000
000000000
000000000
000000000
000000000
000000000
000000000
010008000
000000100
900000000
000000080
700000000
000000702
000000000
000050000
000000000
000004000
200000000
600000305
000000000
000000000
000000000
500000000
030000000
000000000
000000800
080000000
000000000
000003000
050020000
000000000
000000000
000000000
000000000
000000000
600000000
000009020
900500000
007000000
000900000
004000090
810600000
000000310
000000000
000000093
000008000
190000000
004000000
300000000
000000000
000001000
000000000
800000000
000000000
300000000
000000000
000000000
000000000
000000040
000000000
000000002
000000700
000060000
000000000
000005000
000900200
000004000
000000000
000000000
020050000
000000000
000000000
000000000
000000000
000000500
000000000
000000000
000000000
000000000
000000000
040000000
000000000
000000000
000000000
700000000
108000900
000000002
005000600
000000000
000000300
600000020
000000000
000000000
000000000
000000000
000000000
000000001
000000000
000000050
000006400
000307000
000070000
060000000
300000800
040000000
000000500
000000030
020080300
000090807
004000000
000600900
040000000
000000070
001000002
000000000
000000000
000200000
030000004
000000000
000000000
000000000
000000000
000000000
000000600
000000000
000000000
000004200
009000400
200000000
000000000
103000000
000102003
070090000
000000007
000000000
000000030
000000000
000000000
000800003
000000000
000000000
000000000
000060000
000000010
000000000
002000000
000000400
080003000
500000000
800002030
000006004
000001007
000010000
000000000
000000000
000000000
040000000
000000000
070000000
006000000
000000408
008000000
002000000
003000000
120000000
650043000
000000000
000000000
000000000
006000004
000800000
000000060
000000000
000000200
000000000
000000000
200000000
000000000
000100000
000000000
005000000
000000000
000000021
000000000
000000000
040000000
900000000
000000000
000000000
000070000
005000000
400008000
030000000
000007000
100000000
000000004
000000000
000000000
000000000
000070000
000000000
000000000
000000000
000000000
000000000
000000000
000000000
080000005
000000800
000000000
000008006
000000030
007000050
000000000
069002000
000000000
020008700
090000000
400000008
006020500
000000300
000000000
000000040
000000000
000000040
000000570
050000000
000008200
006000000
030000015
000000000
000000000
000000600
002000080
610000000
000000000
000060000
007000058
000000700
700006000
000700000
000009204
000000000
000000070
000000000
000000000
000000000
000000050
000000000
000000000
000000000
000059400
000040000
020000000
000000000
000000000
000000000
000000000
000000000
000000000
000000000
000000007
000000000
000000000
000014000
006000000
000000000
000000000
000000070
000000000
006000000
001000000
000000000
000000000
000000406
000000000
000000020
500070000
000000000
000000000
000000010
000000000
002000000
000000000
000300000
000000000
000000000
000000000
000605000
000000900
001000000
000060000
903000007
000009000
040000800
000000025
000000000
000000000
000000000
000000000
800004000
000000000
000000000
000000000
000000000
000000000
006000000
000000000
000000000
000000000
000000000
009000000
000000000
001003000
000000000
000000000
000090000
000000000
000000000
000000000
200060000
000000000
000005000
000000060
000700000
000003000
002380000
100050000
500000000
000007400
000000000
000000000
000000000
000000000
000000000
000000000
067009000
000000000
000000000
001000040
000000000
000009000
000000000
000000000
000000000
000000000
000000000
000000000
000000000
000000030
000000000
841000000
300240008
008000000
000000007
005000000
007000040
900000000
000000000
000034000
620000000
000000000
000005004
300000600
000000900
000000400
000008013
000060000
000000000
000000000
000000000
000000000
000000000
000000000
000000050
000000000
000000000
000000000
000000000
400009000
050000000
000000000
000000000
000000000
000000000
000005000
000000000
000000000
000000000
000000000
000000000
000000000
000000000
000000000
000000000
000000000
000024000
100000000
000000000
002650004
000009000
010000000
703000000
000000000
000000000
000000000
010000000
000000000
000000000
700000000
420009000
000000000
100000000
000000000
000000000
000000000
000000000
000000000
000000007
000000000
000000000
000008000
000000000
000000002
040000000
000008000
000007009
000000006
000000008
004000500
000001000
500000000
030000000
000090000
000000000
000008000
004000000
600000000
000000000
000900520
000000000
000000000
000000000
000000000
000000000
000000000
040000000
002000000
000000000
000000000
000000000
706400000
007002000
000000000
000000020
000000900
600001000
000000030
000087900
000000000
050000000
000000000
000000027
000000000
000090000
000000000
000000000
003060000
060000000
078000000
000000000
045600020
007095000
000000040
000000060
000000000
000000000
300000000
007000000
090000000
000000020
700000000
001050000
000030000
000700000
000300000
000000002
008000000
000700000
600000040
000008000
020000000
000000000
000000000
000000000
000000000
000000000
000002000
000000000
000000000
000010000
005000000
000000006
000000300
000000000
030000050
000000000
000000400
000600000
000000090
000000000
000000000
000004000
000000060
000000000
000000000
000000000
000000000
000000000
000000000
000000000
000000000
000000000
000000000
000000000
000020000
000000000
000000000
000000000
300000000
000003600
000000000
000000000
000500040
000060000
008000000
600000000
000000010
000000000
000000000
000000000
000000600
000000000
000000000
070000200
000060009
000000000
000000000
010000000
400000000
008000070
900000000
100000000
002005008
000730000
080000000
000050000
307000000
006000000
000200000
070030002
000000060
800700000
604900000
700400000
000000050
060000400
000000000
000014000
000500000
000300000
200000000
000000000
000000000
030000000
000000000
000000000
000000000
034050000
000200000
070090000
000000000
000005000
000000000
000000900
008000000
000000000
064000008
003000000
000000600
000000000
000100000
600000050
000000000
710080002
080000009
000008000
900000800
000170000
000000000
000000000
050003000
200000000
040003000
000090000
000200000
009000100
000000000
050000000
000004000
000000000
000130000
000009500
000000010
000000000
600000000
000000000
000000000
000000000
070001005
000000000
000001000
000000000
000200000
000090000
000000000
000000000
000000003
000000000
000000080
080000100
090020003
020000001
000000000
000040000
600050000
000800000
000300000
000005000
006000400
000020000
000000137
000000020
040000000
000000050
000000000
000006000
000000000
000000000
000000400
000000000
000007000
000000000
000000000
000000000
000030000
000000000
000000500
000020000
000000003
010000000
020000000
500000020
000800000
700000000
000000000
000000000
000000000
000000006
000000000
000000000
000000000
000000000
000000000
010000000
000000000
000000000
000000000
000000000
000000000
000000000
000000000
000000000
000000000
000000030
000000000
000000000
008000000
000000000
000000000
000000000
000000000
000092000
000000000
008040000
000008020
000360000
000000000
000000000
080000240
000600000
000000000
000000080
000000000
060000000
000000209
002000004
070000090
000000000
000000000
000500000
000002000
000600030
000004700
200000000
500000003
100000000
000000001
000083000
000000000
390000000
000000100
000800001
000000400
000000000
009000000
000000009
000000000
000000000
000003000
000000000
000000000
000000000
000000000
000000000
000000000
000000000
000000000
000306000
040000000
600000000
000007000
000000000
400000060
000560000
100000050
030000000
000000000
000000000
000000200
000000000
000900000
000000000
000000006
000000000
000000000
000000000
001508000
040000000
000000000
000000000
000000000
000000000
007000000
000000060
000005000
040003000
000000000
000100000
000000600
900540000
070000000
000000800
000000000
000000000
000000000
000000000
000040000
000000000
005000000
000000000
000000000
000020000
000000000
000100000
000000000
000000000
030000000
000000000
000090000
000000000
000000002
000010000
000000000
300009000
000000000
000000000
000506000
000000000
000020608
010009070
000000000
000000082
000000001
000003000
002000000
000010000
090000000
200000490
068000003
000000000
000000000
000000000
000000000
000000000
040000000
000000000
000000000
000000000
000000000
000000000
000000000
000000000
000000000
600000000
000000000
000000000
000010800
000000000
000050000
080000000
000000040
000000070
000000000
000000004
000000000
000600000
005000000
800000000
000000900
000007000
000000003
000000000
000000001
000000000
002000000
000000000
000010000
000000000
000000000
000000000
000000050
500000000
000000260
000000000
000000000
000000000
000000000
080000000
000000000
000000000
000000000
000000003
000000000
000000000
000000000
000000000
000000000
000000000
000000200
000000000
000000000
000000000
000000000
000000000
000000000
000000000
000000000
000000000
000000000
000000000
000000000
000000000
000000000
000000000
000000000
000000000
000000000
000000000
000000000
000000000
000000000
000000000
000000010
000000000
000000000
000000000
000000000
000000000
200000000
000000000
000000000
000000000
000000000
000000000
000001000
000000000
000000000
000500000
000704000
060980000
080005000
700000000
100000000
000800000
000000000
020000000
700040020
000000000
002500000
000000000
000000094
080000000
000000400
003260000
200000000
000100000
000000000
000000400
000000000
000000020
000000008
000000000
000000070
000000000
900000000
000000000
000000004
000000000
000000030
000008000
050000000
000000000
000000000
000090000
000053000
080000000
000000000
000000502
000020000
000000000
300000601
000000000
000000000
000000000
400005000
050020000
700001000
000004000
000000000
300000800
000000070
000000000
006900005
000200000
008007010
000000000
001000000
000000000
070000009
000000000
200000000
900000000
000030000
000406000
000000000
500000000
000000000
000000000
006000000
900000000
007000000
000000010
000000050
000010000
000000000
000000500
000000000
000000000
800000001
000009000
000000340
000300000
000000000
060000000
000900200
000000600
000000000
060000000
000000000
000800090
000000000
000000500
002061000
100000000
030000080
000004000
000000000
000000010
000000006
000000200
000008300
000000000
000000000
000000000
700000900
000000005
000005000
000000000
000000000
000000000
000000000
000000090
000800000
000000000
000003000
230090000
000000000
050800003
000030000
312000060
000200000
090000000
005000000
000000000
000000000
000000000
000000000
000000000
000000000
000000000
000000000
000000000
000003000
030000100
000000000
000000000
060400080
000000000
004000000
200000000
000000000
000090000
000000000
000000040
000000000
000000000
000000000
000000000
000000000
000009000
000000000
000040000
000000000
000000000
900000000
000000000
000000000
000000060
000000000
000000080
000000000
000000070
000000000
000000000
000000000
000000000
000000000
000000000
000000000
000000000
000000000
400000000
000200000
060000000
000052000
000000000
000000000
090000000
000000001
070000000
000600200
000000600
000014000
000000020
000000000
000400009
000000000
000000000
009620000
500700800
000000402
000000000
000000000
000000000
000350000
000000000
000000700
000000000
005000000
000000400
000000000
000000000
000000000
000000000
004000000
020008000
000000010
000002600
000000000
001000000
000000002
500000000
200000000
000000000
000000060
000000000
000006000
010000970
000000000
000000000
000070000
000002000
004009000
000000900
000700000
000020000
000000000
000000000
000010050
000000000
005000000
000000000
000000000
400000000
000000000
000000070
000000000
100002000
000000000
000000000
000000000
000000000
000000000
000000000
000000000
050010000
009000000
001000000
000000000
000000090
000000000
000000005
000040000
040000000
000000000
000000000
000000000
000000600
000000300
200700000
060000108
005000000
007000000
000130000
920000000
000000001
000020000
000000000
009000601
000000007
000200000
000000200
000007800
000000000
070000000
000000000
000000005
000003060
009000008
000060000
000000000
040000800
000000004
000000000
000004000
000000000
000000000
003000000
000000000
000000000
007000010
000000000
000000000
000000000
000030004
000050000
000000000
000900000
000042000
200000000
100000000
000070000
000003005
000000000
000000000
000000000
000000000
000000000
000000000
000000000
000000000
000000000
000000000
000000004
000600000
000000000
000000000
000000000
000000000
000000000
000000000
000000000
000000000
003000000
000000000
000000090
000000000
000000000
000000000
000000800
000000000
000005000
000000000
000000000
050000000
009000000
000000200
000500000
001000000
000000000
000000700
000000000
000000000
400000000
050000000
001000000
000000000
000000001
000000000
000000000
000000000
000000000
000000000
000000000
300900000
000000000
000000000
000000008
000000000
000700000
006030000
080000000
000000000
008300900
000047300
000000000
000000300
000600000
000000000
000000000
000000000
000900000
000010000
000000600
903000000
000900000
000000000
030000000
008000000
000100000
010000040
060000000
000005800
090002600
000000080
000100000
020000007
000000000
700000010
000000000
100000000
007080001
000000000
000000000
000000000
000000000
000000000
000000000
000000000
000000000
000000000
000000000
000000000
000020000
200000000
000000000
004090000
000000000
000000023
003000000
000010090
000000000
000000000
000000000
200000010
000000000
000000000
400000000
000000050
000081000
700800000
900000000
300000000
000428000
000000000
000000000
000500000
000000090
000000300
800000100
010000000
000900000
000000000
000000000
000000000
000060000
000000405
000000000
000000000
000000000
000000000
000000000
000000000
000000000
000000000
000000000
000000000
000000001
000002000
010050000
000060008
000080000
001000000
300000000
050000000
000000500
001000000
040002003
000000000
000500000
100080000
000000095
000000000
000000000
000000000
000900000
000000260
000070000
000000002
000000003
020040008
000000000
000009000
000500000
005040000
000000001
000000000
000000000
000000000
000000000
000000002
000002000
040000800
800000040
006000050
000000000
000000700
000000200
070000000
003000020
200100000
100000008
900000080
000000000
000000000
007000002
060007901
000049000
000000000
000005000
070000000
000000000
000005000
000000006
080000000
000000000
000000000
000000000
000003000
000000000
000000000
000000000
000000000
000000000
000000000
000000000
000000000
000000000
000000000
300000000
000600000
000000000
007014500
000000000
500000007
000200000
000090000
000000000
000600200
000000500
009000000
052000000
000000000
600000000
000000000
000000800
000000000
000060005
000000000
000000000
000000000
000700000
000000000
000000000
000000300
010000050
000000000
000030800
000000300
000000001
000000000
000080000
060000000
001000000
000000006
400000520
000000000
000000000
000002000
042000000
000000000
000060400
000000000
900000006
000000000
000000000
000000000
000000000
000000000
000000000
000000000
000000000
000000000
000000000
000000000
000000060
900000080
008000700
020000000
000000004
010000600
000000300
007000000
010000000
004000008
005400007
000006000
060000000
000060000
000000000
000000000
000000000
000000000
000000000
000000000
000000000
000000000
000000000
000000000
000000000
000000000
000000000
604000000
000000050
000000000
000000000
000000000
009006000
000000000
005000000
000000000
000060000
000000000
000000409
000006000
000000800
840000900
000001000
009000000
000070000
000000000
000000300
000000000
000000000
000000000
000009000
000000000
000000000
000000000
002000000
000000000
000400000
000000000
000003000
000000000
000000000
000000000
000000000
002070000
000000000
000000000
000000000
060000000
000000000
000000000
000000064
006009000
000000030
000008000
008000400
000000000
000006000
000004000
000000000
000800000
016000200
000000090
080000000
000076000
000010000
000080000
000000000
300000000
000000000
000000000
000000000
000000000
000000000
000000000
000000000
000000000
000000000
000000000
080000300
000200000
090000000
005000000
000000000
000000000
000000000
000000000
000000000
000000080
006050001
100030000
000000000
080100000
000000000
000000020
000023000
000063000
000002000
000070000
000000010
000000000
000000600
000000200
000000000
000000000
000000003
000002084
000000000
000007010
000000000
000090000
000000000
010000000
000950000
000000008
002000000
800000005
000000001
000000000
073000000
000040050
000000000
000000009
000000000
000000050
000000000
000000000
000000000
000000000
000000000
000000000
000000000
900000100
000208005
000000080
000000920
000000000
000049000
000000000
500600000
000100000
008205000
040000000
000000000
000000000
000000000
000060058
000900005
000000400
000000000
006000100
000000000
000000400
000000009
000000001
300090000
600000005
000940000
000000000
000000000
000000000
005000600
000000000
000000000
000000400
000000000
000000000
007000000
000000000
000000000
000000000
200079006
000000000
000000000
010000000
000000000
000004800
000050000
000600000
000000000
000090000
020000000
000300600
180400000
000000000
000000000
002000000
010000000
000000000
000003000
000000000
000000000
000060090
004000000
000000000
001000000
000000000
070000000
000010000
000000700
000000000
000000600
000000003
000000000
000005000
000000000
003900004
000400007
000003020
000000000
070000800
000000000
000000009
000000000
000000000
000000000
000000000
000000000
000000000
000000000
008010000
700000000
000000000
000000000
000000000
000000000
000000000
000000000
000000000
000000000
000000000
000000000
000509070
700000060
090000000
000400000
001800000
000000002
050000000
000000000
900860000
060000080
000000000
408000050
000000000
000000000
000000030
000000000
000000000
000000000
000000000
000000000
000000000
000000010
000000000
000000000
000000000
000000000
000000000
000024000
000060000
000000800
102630000
000905000
000070038
000000000
000000000
000600000
002000000
000000080
000000000
000000300
000000006
000000000
000010040
000230009
000000000
005000000
000000009
000000000
000000000
200000000
000000000
000000000
090000000
000000000
000000000
000000000
000000000
000000000
000000000
000000000
000000000
000000000
000000001
000000000
030000200
001020000
000000000
000000000
000000000
000000000
000900000
000000000
900050000
070000000
000000000
500000000
000000005
000009800
000000000
000501000
010000508
000000000
000000000
000000000
000000000
000000000
000005000
000200000
090000000
014000000
000000000
003080000
700800000
500007000
000003000
000300000
000100000
000000001
000000004
000090007
000000000
000000003
050000000
000040050
000000700
000000000
000000008
000000000
000000000
701000000
002370000
000020000
000000000
600000000
000000000
000100000
000000010
000100000
000000000
000090000
002000000
400000020
000000000
000400000
000000001
070000010
000200000
802000000
000000000
000000000
000000000
000000000
007000000
000000000
000000000
000000009
000006000
000000200
000000000
000000005
008000000
000008000
000000000
048000000
000000000
000000000
000060000
007000000
000000000
090000000
000000000
000000000
000000900
000003000
000000000
000540000
000070000
001009800
002300000
700000000
000000000
600000000
000000090
000000004
000000000
000000010
000000200
000000000
000003000
700000000
000000000
000050000
000000002
000000000
000000000
000000000
000700800
000030000
000000000
000000100
001000000
000000000
000000000
000000700
008000000
230000000
000000000
000000002
000000000
000000000
000000000
000000006
000000000
000000000
020000000
007000000
000000000
000000000
000000000
000000000
000040000
000000000
000000000
000000000
000000000
000000000
000400000
000000703
003000501
000000000
000000000
000000090
700001000
100000000
000000000
000000004
780000000
000070000
000000000
800050001
000000000
003000000
000040000
000000700
000000600
000000000
000000000
000000000
000000000
000000000
000000000
000000000
000000000
000000000
000020007
200007000
000000000
070000000
000080000
000600000
000000000
000000000
000070000
000300820
180000006
060000090
000000000
035000000
000000000
000100000
000000900
000700001
600000009
000000030
080003000
901604000
000000000
000000000
000000003
000000080
000000000
020000000
000000000
000000000
000000000
000000200
000000000
000000000
000000000
090300000
000900100
000000000
000000000
000008000
000500000
080009000
000000000
900000000
000000009
000006000
000000000
000000000
000000000
000000000
000000000
000000000
000000020
000000000
000000400
000403000
000000000
000500000
000000000
000000000
000000000
000000000
008000000
000000000
000000000
000000000
030000002
000000000
000000000
000000000
000000000
000000000
090000000
000000004
000000050
000000200
005002008
000003000
070900000
000000000
000000000
000270309
800000050
000590008
000080001
000000000
000001800
000000000
010000000
000000008
010000060
000807000
000000020
000000000
007000500
000070005
060000000
020080000
800000000
000000000
000000100
000000000
000000000
000000006
000000000
000000000
000000000
000008240
700000000
300700000
001000000
000006004
090300000
000000000
500000000
000600008
300000000
000000000
000000000
000000000
000002000
000080070
000207000
000000700
000000900
000004000
000000000
000000000
080000000
000000000
000000000
000000000
000003000
000006003
000000000
000900000
000007000
008000000
000080000
910000000
004100000
009000000
000000000
020910000
000080000
000050008
090000060
000000000
008000000
000600000
200000000
000000003
000000000
000000000
009000000
000000000
000000068
700000000
050000000
300000000
040000000
000080000
000000006
900000001
020000000
000000000
008000000
000700000
060000000
700000000
000006000
050000000
000000900
020000000
000000000
090000000
200005810
005000000
000000000
000002000
009300000
003000000
000060005
000000000
000500000
097030000
000200000
010000008
000090000
000400900
080000000
006000000
000000000
000000000
000600030
040005000
020000060
000000000
000000000
000000000
000000007
280040003
000000000
000000309
300000000
506002000
000600000
000705000
008000607
000000000
300900000
000000000
600000000
400000003
000500080
000000000
000000000
000060000
000000800
000000000
400000000
000000000
000000000
000000000
000000001
000800000
000000000
000000000
000000010
070000000
600000000
000000070
007000000
000000000
000000000
090000000
000000000
000000000
000000000
007000000
000000000
000000000
003000000
000700000
000000000
000000000
000000000
000000000
000000000
000000000
000000000
000000030
000000000
000000090
000070000
000000000
049000000
080000000
000000000
000003050
000000007
000000800
400000000
000000050
000040000
000000000
000000000
000050000
000090000
000000000
000000000
000000000
000000000
000000000
000000000
000000000
000000000
000000000
010800000
004000000
009000003
000000000
000004000
100000000
000000000
000000000
000000000
000800000
000000030
000000000
080000000
000000003
200000100
000000000
094530000
000000000
009000000
000030000
000002000
000600000
000004000
000000000
000000002
000000000
000000000
000000000
000000000
000000030
310000000
000090004
000060708
000050027
000000000
000000300
000000000
000000000
002000000
900000000
003000000
000000900
000000000
000060000
000000006
000000000
000000000
000000000
000000000
000000000
000000000
000000000
000000000
000000000
000005000
000000400
000000000
000000000
000000000
000020000
000000000
000000000
000000520
500000200
000000000
000002010
000000001
000700005
003009008
080400000
000000000
000000007
000000000
001000006
060003000
000000000
000000003
000060000
008007000
000500000
900000000
500000600
000000000
000000008
000000000
000000000
000010000
000000000
000050000
000030000
000000200
000000000
000000000
000000000
000000000
000000000
000000900
000000000
000000003
300000000
072000000
000000010
000000000
000000000
000000006
000000000
030000800
000020005
000600000
006007000
000050000
003000500
040000071
000000000
000000307
000000000
000000000
000000000
000300000
005000000
000000000
009000300
000000000
000006000
000002070
000000000
000090006
008000000
000008000
000020900
000000000
300000000
000001000
000000100
400080000
000001200
000000008
000000040
006000007
042009000
050000000
000000000
090000000
000000000
706000000
005000000
000000006
000010000
000000500
000004100
600040000
000000007
000000000
000000000
060000000
080400000
000000000
001000000
000000007
009040000
000010020
000000000
000000000
000000000
000000000
000000000
000000000
000070000
000000000
000000000
000000000
010230000
000000050
800000000
000000500
001000030
000003200
040800900
060000000
000000700
000000000
000000000
000000000
000000000
000000000
000000000
000000000
010000000
000908000
000000000
000000000
007000000
020000000
000000000
000000800
000040000
006000004
000000001
000000060
000000000
000000000
000000000
000000000
000000000
000000000
000000000
000000000
000000009
060000000
000000000
200000000
000000000
000800000
000000000
000000000
000000000
000090000
007006000
000000000
000000000
020000000
000000070
700000000
000000805
000100000
000000030
009000000
000000000
000000000
000000000
000000000
000080000
000010000
000000000
000000000
000080000
000000000
000000400
000000000
000009000
000000000
000000000
004008000
000000000
000080000
001000009
000000000
000500000
000000001
000090000
000000000
000000000
000000000
000000000
000042070
030200000
000000049
010000000
000900000
000000000
000000127
000000000
000000000
000000000
000000000
000000000
000000000
000000000
000003000
000000000
000000200
000000000
000000070
000000000
007000000
000007000
000900000
004000000
900000001
000000000
000000000
000000000
000000070
000000000
000000000
000000000
000000000
000000000
000091000
000000000
000000000
000000000
000000000
000000000
908000000
000000000
000000000
000000000
000000000
000003000
000000309
040000080
009000050
060000020
000000000
003000000
000000000
000000009
000000100
300000600
000000400
200000005
600000000
009000000
004000078
000000000
000000000
005000000
000000000
000000000
000000000
000000000
000000000
000000000
000000000
010000007
007000400
000010000
400000300
000000000
000000003
000000000
000100000
000000007
090000000
800000050
000000000
000000000
700000010
000000000
000000300
100000090
000000030
000000000
040000000
000000000
000000000
000000000
000000000
000500700
000000900
000009600
000820000
000006000
000000005
021000000
009000000
600300000
000400000
000090000
008000003
000000600
000000000
060000000
090800000
400001000
000000800
070060000
020000040
000030000
000000000
000090000
000000000
000000000
000000400
000000000
000000000
000000000
000000500
000000000
000000000
008000000
040000000
000000000
000000060
000000000
000005100
000200003
000000000
010900000
001005000
000000000
000000000
000006008
000000050
000000090
000004000
000030000
030000000
000200400
400000000
000000020
000400000
000000000
600000000
000000000
000000000
200000000
000000000
000000000
100000000
000000000
000005000
000000000
000000002
000090000
000000000
300000400
050000000
000000000
005000000
401000000
000000000
000060100
000870000
050000800
000000090
000007000
000040000
004000000
000000000
000000200
000040000
000002975
000030000
006008000
030000004
500000000
480000000
000000000
600000000
000000000
000000000
000000000
000000000
000500000
000000000
000000008
000000000
000000000
000000000
000000000
000000000
000000000
000000000
000000000
000000000
000000000
000100000
000000000
010000000
000000000
000000000
000000000
020000000
000000406
000000000
000000200
030000010
000000030
000000600
500000000
060030000
000050000
000000400
000000000
000300080
000050001
090030000
000000000
000000010
070000090
400900000
000005002
000000000
300009050
000100000
000000000
000600000
000090000
000080000
000000000
000800007
000700000
090020000
000000000
000050400
008000003
015000000
000090000
000000000
002001500
000000020
000000000
000000000
000000000
000000000
000000000
000000000
000000000
000000000
000000000
000000000
000000000
000000000
000000000
000000000
000000000
000000000
000000000
000000000
000000000
600080000
000000000
000000000
000600000
000000080
100000000
000000000
000100000
000008001
000000000
000000000
000700020
000000000
000000000
000000000
000000000
000000000
000000000
000000000
000005020
000000006
400000560
000002000
000010000
000000900
000000600
000570000
900000000
000000400
000000000
000000000
000700000
000000000
000000040
000000000
000000000
000000000
900023000
002000000
000000000
000000000
000000000
000900000
000050400
000000000
000000000
000000000
000500400
400062000
000005800
000030006
000000000
000009000
010000000
000000409
000000000
000006000
000003007
000000000
000000000
020000000
000700000
000000000
000000000
000000000
000000000
004000000
000000000
000000000
000000000
003000000
000000000
000500000
000100000
070000050
030000000
000000007
020000000
000000000
000000080
000000000
000030005
300000007
000050000
000000000
003000700
000000001
000007000
000000900
000200080
500000000
000030000
000000600
070000000
000000000
000000000
000000000
030000060
000000000
005000000
000000000
002006000
000000000
000000000
000000000
003040090
000000000
700000050
000000030
000080000
000005009
000000300
000000000
000000000
000000000
300000008
000000740
000000000
005703000
000000000
000000000
800010000
700000000
000000000
000000000
006070000
000000000
000000000
000000000
000000000
000000000
000000000
000000000
000000000
000000000
200000000
070000000
000000000
000000008
000700000
001000000
000000200
003000000
027000800
000050000
000002070
000000000
000040000
000500008
006000700
009400000
000000000
000000052
008000000
000700030
000006000
087000000
001000000
000009000
000000000
000000000
009000000
000000000
090600000
000000000
000000000
800003000
010090000
000000000
000000000
000000000
006000008
000000000
000000000
000000000
000000000
000000003
000000000
000000060
600000002
000000000
000000000
000000000
000000000
000000000
000000000
000000090
000000007
000000000
000000000
000008040
000000000
900007600
000000000
100030900
000800000
000000000
000000700
016000007
009000200
000040000
000000700
000008000
000000600
082000060
901000000
000000000
000000000
000000002
000003000
000400005
000000000
300000000
000500000
900002000
760080000
000000010
000000000
000000000
900300000
070000000
000000000
000000000
500000040
000800000
000100037
000000000
040008000
000000000
000000000
000070000
000000040
006000000
090000000
000008000
000000000
000000002
000000000
000000700
000000000
000000003
000000000
000700000
000000000
000700000
000020047
000000000
000900000
000000006
000000009
009000000
020000000
000020000
036000000
000000000
000000080
000000000
020600000
000000008
000000000
000000000
000000000
000000000
000060000
000000000
000000007
000000000
000000000
000000000
000000002
300000200
000000003
000000007
000000000
050000300
000000000
000008000
020600000
000000000
003000000
007003020
000000000
091000000
005908000
200000000
006000000
700000000
000000082
000900000
000010000
000000000
080000000
000000000
000000000
040000000
000000000
000040000
000000600
000000000
200000130
000000000
000049000
030000500
000000040
000000000
070000800
000000000
000000000
000000000
000000000
000000000
000000000
000000000
000000000
000000000
000080000
000000090
000007000
000090000
700000005
000000000
000000000
000000000
030000000
000000003
000000050
005000000
000090000
040010007
080000000
000000000
000000028
000600000
000080000
070030000
500060000
000001000
000000002
000000000
000000000
030004000
000000000
000070000
000005000
000000000
000907008
018000290
000000000
000000000
000000480
004000000
000000000
000000000
000000000
000000000
000000000
000000000
000000000
000000000
000000000
000000000
000000000
000000000
000000000
000000000
000000000
000000000
000000000
000000000
000000000
000000080
040000001
300000006
000000430
000500000
010000000
020000000
004000000
000200000
095000000
002060000
000900000
607000000
000000003
500000900
040000002
000002000
200000000
000000000
000000008
000000090
000000300
000000000
000000000
000000000
006000000
000000000
000400000
000000000
000000000
000000000
000000000
000000000
000000000
000008000
000500000
000007000
000000000
000010520
000030000
030200400
000000070
000004080
060000000
000000000
000000000
000000000
010000000
080000000
000000600
000000000
000000000
000000000
010000000
000000000
000000000
000010000
000000000
000000000
000000000
000000000
000000070
000000000
000000000
000000000
000000000
000000000
000000000
000000000
000000000
000010000
000400010
000000000
000000000
000000000
000000000
000000000
000000000
000000000
000700000
000000000
000200000
000005000
000000000
000000000
000600000
000000000
000000000
000000000
000000000
000050000
000000000
000000006
008001000
000000000
000003000
009020000
000000000
000000000
000000006
000000000
000000000
000070000
000000560
001000000
000000075
000000000
000000090
000000005
000000000
000000300
000000000
000000000
000000010
000600900
010000050
000000000
000040000
020030040
000403500
000000000
700000000
000000006
000000000
300000000
000000000
000090500
000000000
000000000
000000000
702005064
000070000
007000000
603000005
000300000
080200005
000000009
000000200
000000000
000000000
000000000
000090540
000000000
000000000
000000000
000000000
000000000
000000000
000000000
000000050
000000000
000003000
050000000
000000000
090076500
000020000
000000000
000000003
000030090
000607050
000100008
000000000
000000000
000000060
000000000
000007000
000000009
000000000
000000040
000000000
000000000
000010000
000000000
000000000
000000090
000000000
000020000
000000600
000000000
049000000
600050000
001004000
000210000
002000000
000000003
000000006
000000000
000060000
004000900
000000000
050000000
000400000
000000000
000000000
000000000
200000005
060000000
000000000
000000000
000000000
000000000
000005000
000000000
000000000
000000000
000000000
100000000
000000000
006000100
400000050
000900000
200000000
800000000
000002300
000050004
000020000
000000000
005100002
000900000
700000000
810000000
000000000
080000000
000000090
000000000
000000000
000000000
000000000
000000000
000000000
000000000
000000000
000000000
000701040
000080000
000000000
003000000
800020076
000000000
000000000
000000000
000000090
000000000
000000000
002000000
040000000
000000000
000000080
000000009
700000008
000000000
000008000
002000000
010000000
000000400
500000690
000020000
000000005
300000700
000000003
000900000
000000000
000000001
000400090
000000000
003000000
205000400
000008000
000000008
000000005
006000000
000000840
083000000
000030000
090000000
000000000
020000000
000000000
030005000
605300900
000000000
090006000
000000000
000000100
000000000
000000006
000700020
400000600
000000000
000000000
000000700
000070000
000000000
000000041
000000000
000600000
000000000
000000004
060000080
000080601
008000000
000000000
900000050
026000000
000000000
014000000
000080000
000000800
000900000
700020000
000050200
000000000
009008000
030000000
000300800
000000000
000000500
050000080
000002000
000000000
400000000
030000200
000001000
000000000
020000000
300000000
000002070
000460000
000000000
000000093
000000000
000000200
000000000
000000000
000000000
000000000
000000000
000000000
000000000
000000000
000000000
000000000
000000300
020000000
000000000
009000000
100000000
000000000
000000000
000070080
000000000
000000000
000000000
000000000
000000000
000000009
000000000
000000000
000000000
000000000
000000000
020000000
000000009
000000000
000000000
000000000
000000900
000000000
020000005
000002000
000000000
050000000
000000000
000001000
000000000
000400000
005009070
000000000
000000000
000007000
000000000
000000000
000000000
000000000
000000000
000000000
000000000
000007000
030000000
007000000
000000000
000000000
000000000
000620000
000000000
000000009
000000000
000000000
000000700
000006000
000000000
000000000
000000000
080000600
000400000
000010000
000002000
000000004
090020005
000000300
000001000
040000000
000000000
000000000
000030000
000000000
000000000
000000003
400000000
000500000
000000000
000000000
000000700
000000000
800000000
000000000
000000000
000009106
000000000
000040000
000000000
000000000
000000005
000000000
000080000
080000000
600100000
000000000
000000029
000000000
600000000
000000000
000600000
000000000
000000000
000000000
000006000
000009000
070000000
000050020
000800000
000000000
000000040
000000000
000000000
000000000
000009000
000000000
000000000
000000000
000000000
000000000
000000000
000000000
000000000
000000000
000000000
030010000
000600000
100000000
000000000
000004000
000070680
008000003
000000000
000080050
000000005
000000000
009070003
000000000
000000000
000000080
000000920
000000000
020090000
000000000
003000000
000000010
000800000
000000000
000000000
000000000
000000000
000000000
070000030
300000000
000000080
010000000
800000600
090000040
000000000
000100400
000840001
030000006
900000700
000000800
600000000
700009000
000000040
000020000
008600090
000000000
000000000
000000000
000300000
000000000
050060000
003000000
000000000
000000000
000400000
000020300
000007000
000000000
000000900
000004000
000000000
218000000
030000000
000000080
000000900
000000000
002000000
000000000
000010200
080000010
000000000
000000000
000600070
000000080
000000000
000000000
000000000
000000900
000000000
009000000
000000000
000000000
000000000
000000000
200076000
060000000
000000000
000005000
000000200
103000000
000004000
000000000
000000600
000000004
000000000
000000700
000000000
000000000
070001000
000000000
000000000
000000001
000000000
000000000
000000000
000000000
000000000
000000000
000000000
000000000
000000000
000000900
000000000
000000005
090000000
002000000
070000000
000000000
500000000
000002000
000000000
000000000
000000000
007000000
000004000
000030000
800006300
000000000
000000000
009005000
003000060
000004001
000000800
600000100
000000000
008000000
000010000
000008730
000000000
000000000
000003000
000000100
500900000
090000000
000000000
200005000
000000000
008003000
090050000
000000900
000000002
000000000
000064300
500000000
000000000
500007004
000000000
000000710
000070000
000000250
000000000
009002070
000000000
000000000
000000000
000000000
000000000
003000000
005000000
000000000
000000000
000000000
000000000
003000000
902005001
000006000
000000002
000900806
600000900
000000000
000400000
000000000
000000000
000070000
500090000
000000000
000000000
000000000
000000000
400000001
000000000
000900000
000000000
100000000
000000000
000000000
000000000
000620000
000000002
000000000
000000002
700000004
006050000
092000006
007000000
020000000
000800000
003000000
005000030
000000090
010200000
200000000
000900000
000000001
000000300
000000000
024000000
000000050
000000000
000900000
000000000
400000000
000000000
009000000
000000007
000000000
000000001
004000000
000050000
002000000
000000000
000000000
000000000
000004000
000820000
000000000
300900005
600000004
000100000
030000800
010000000
000000000
020000060
090008000
000010000
000000040
000000000
000600000
060000000
000000206
000000003
390000000
000100000
007003000
000002000
061090005
000000000
000300000
200000000
180000000
000000000
000000020
090000007
600800000
000000028
000700006
000000002
006000700
000000000
000004000
000050000
000000000
000000000
000003000
400000000
000100090
000000000
000000000
000000000
000000000
060000000
000000000
000000006
070001000
000000004
050000003
000004000
000000008
000009000
000000000
000000000
000020000
000000000
000000000
000000000
000000000
000000000
000000000
000000000
000005000
000000000
000400000
000000080
000000000
000000000
000000000
000000000
000000000
600000000
000800000
000000800
000000000
000000000
000000000
000000000
000000000
000000000
000000000
080060000
000007000
000000000
000000000
000000000
000000000
030000000
000000000
000000000
000000000
000090000
000000000
000000000
900000000
000000000
000010000
000000004
000000000
020000780
004900000
000000000
000300050
150000000
000000000
000007020
000000200
000000000
000000000
000000000
000000000
000000000
000000008
600000000
000000000
000000000
000000000
020000000
060000000
003000000
900000000
100000000
000000000
000600000
000608000
000020000
000003000
036000000
000400000
000000000
005000970
002700000
040300000
000000001
000506000
000000000
020074060
000693000
000000000
000200000
000000000
060000000
005000000
003000000
000000000
000000020
000000100
000000000
000000502
000000000
000000000
000010000
000000000
000030000
003000000
000000000
000000080
000020000
000000000
000000000
000000000
000620000
020100005
000006000
005000000
000000007
010080000
000000040
000000010
050300000
000000000
000000304
070000000
000000000
000007000
000000000
000090000
000000000
000000000
000000000
000800000
000000000
000000000
000000000
000000000
000000000
000000000
302000000
500007002
000000000
000000000
000000700
800000000
700000000
008000300
900002004
000400000
000000300
000300000
000000000
090000001
050060020
400000500
002600000
000000000
000000000
000300000
000000008
000000000
000000000
005000000
000000000
601000000
000000000
000000000
000006000
000000000
000000041
000010000
000000000
002000000
000000900
070000050
012000000
050000003
080000009
000000070
004000000
000000040
000060000
600000000
000000000
000000000
000000000
000400080
000000000
080000000
000000800
000000000
000000000
000000000
000000000
006000000
004000000
000080009
000005100
010004000
000000000
000000000
040000000
000000000
000200730
000000060
000000000
600000000
400000000
100400000
000000000
070001000
000000000
000004700
000000000
000000000
300040000
000000000
000000000
000000000
000000000
000000000
000040000
702000000
000070000
200000000
000000000
000001000
000003004
000000800
000090010
000000000
000000002
230000000
004000008
000000000
000000100
000000003
020701000
000000000
000004000
000000500
000000800
000000009
004080000
500008900
010000000
000000003
000000000
000000000
800000639
000000810
080000002
030000900
400000000
090000000
000010000
000070000
000060000
000000000
000000000
500200000
000000000
305000000
000000008
000000000
007001908
000300000
001600000
000000000
036000000
000000020
003068000
000000007
000000100
000000000
000000000
000000000
000000000
000000000
000063000
000000000
000000000
000000000
000000000
000000000
000000000
000000000
000000000
000000000
000000000
000000000
000000000
000000070
000200000
000080400
090000000
000008000
000000100
000000090
003000005
000000000
000060003
000000000
400000806
000000000
000080004
000000000
000000000
000000000
600000000
900000006
000000000
008000030
000000000
010000000
080000000
000050000
000000409
000000500
000000000
000000000
000000000
000000000
000000000
000000000
000000000
000000000
000000000
070000000
400001000
000000000
000000000
050000000
000500000
000007000
000000000
000010000
000000000
000000000
000000000
000000000
000000000
000000000
000000000
000000000
000000000
600000000
000500010
000000050
000000470
000000309
008000000
006000000
000006000
000000600
910700000
300000000
000000000
050000000
000090010
062000008
000000000
200000000
000000000
000000000
000600000
008000000
000000000
000000000
000000000
000000000
000000000
000004100
000000000
000000000
000000050
000000000
003000000
000000000
000000000
000000900
000000000
000000009
000000000
000000000
001059000
000000000
000000000
000000000
000000008
000000000
500000000
000000000
300000000
000000000
900070000
000000009
100000002
400000000
000000000
000000000
000040001
300000000
000175020
000060000
000000000
506000000
000000000
000000000
000000000
040000000
001000000
000000000
000000000
000000000
000000009
000090000
000001700
000000500
000070000
005000000
030050000
120000000
000020000
006000003
080000000
050009000
000000000
000020000
000000000
000000000
000000000
000000500
000600000
000000000
000300000
300000000
000000000
000007000
000000006
000100002
800000000
000300600
006000000
010000000
000000000
000000000
000000000
000000000
800000000
005000040
000000000
000002000
000060000
004000000
000000000
000000000
000000000
000300000
000000000
000000000
000000000
000000000
000000020
000000050
000000000
000000000
000000000
000000000
000040000
000000000
000000000
000000600
000000000
000000000
000030000
000000000
000000000
000000000
000000000
200000000
007000000
000000000
000020000
000000500
000000000
000000000
000000050
000000000
000000000
000000000
000000000
000000000
000000600
000000500
003000009
000000000
007000000
000008100
000000000
000000000
000000000
000000000
000000000
000000000
000000000
000000000
000000000
000000000
000000000
000000000
000000000
000000000
000000000
000000000
000000000
000000000
000000000
000000000
030100000
000000010
008409030
000005000
000000807
000000000
900503400
000000001
002000000
000000000
000000700
000000000
000003000
000000000
000000000
070000000
000000000
040000030
001000000
000100000
000000020
000000000
800000000
300050004
700800000
000000000
000700000
000080400
000000000
000020000
000000000
000000000
000000080
000000003
000004005
020000000
000000000
000000500
000000000
000900000
000350006
500000000
000060000
009000000
000000000
000000000
000000070
000300005
004800900
090000030
000000010
030005000
000000000
000800000
000000000
000000009
000000000
000000000
000000052
000000000
000000000
000001000
000400007
000000000
030000000
007006000
080030201
020000000
000900000
000073000
000000000
000000000
000000000
008000000
000000000
000000000
000000000
000400000
000000000
000000000
000000500
004000100
000200000
001000000
500000000
050000080
000000009
000009750
000000000
705000000
000000000
000000070
000000090
980000000
000000000
007000000
000000000
000000000
000000000
000000000
000000000
000000000
000000000
000000000
000000000
000000000
000000000
050000003
000000000
000000009
605000800
700000000
000900600
300000007
000076000
000000000
000800700
000000800
000900010
508000000
000020030
000400000
000000000
000000006
000000070
000006900
000000000
000047600
000000000
000000000
000000000
700000000
000000000
000000000
000000000
001000040
005000000
000000000
000000100
000000000
000000000
000000010
000000000
000000000
000000602
000000000
100000027
006000000
000900000
000000000
090004008
090000000
000500000
000000300
000000001
000005000
000681002
500000000
003000000
000000089
000000000
000000000
000200000
000000000
000000000
600000000
000000000
000000000
000005000
000000000
010000006
009002030
000004000
400000600
308000000
000000000
100000090
200010000
500006030
002009000
000800070
000008000
026000000
000000000
300002000
000000900
000001005
000000000
000000000
000000000
000000000
000000000
000002000
000000000
000000000
000000000
000000000
200300000
000000000
000000000
001002400
000000703
060000000
900000050
000000000
010000000
000000000
000000000
000080000
000005000
200000700
000000050
000050000
000000000
010000000
000000000
200000010
000000000
002400000
000700040
000000000
080000000
000000000
000500000
000000040
720000000
060300001
000004000
000200003
000080000
006001070
000000000
000000000
000000000
000020000
000903000
000000000
000000000
000000000
000000000
000090000
000003000
000000000
040500030
030000000
008050000
002800000
000000200
000000000
000020005
000000000
000000700
000000000
000000000
500000000
003000000
000500000
000070000
000000000
000009002
080000000
000000005
000000000
030006000
000000000
060000000
000040500
005000038
000000000
000000000
000000000
000000000
000000000
000000000
900000000
000080000
000000000
000000000
007000010
000000000
000060900
000000000
604000000
070000000
000001000
000000000
700000000
000000000
000000000
000004000
000000000
000000000
000000000
004000000
000000000
200100050
000000000
000000000
000000000
300900000
000000000
000004000
004000000
000000600
000000000
000000010
000000000
001000000
000000000
096005000
000000000
700000030
000000070
000009000
000000000
010000000
000600000
200000847
080000000
900000000
030070010
000000000
000000000
000000000
000000000
000000000
000000000
000000000
000000000
000000000
000000000
000000000
000000000
000000000
000000000
000000000
000000000
000000000
000000000
000000000
090000000
000000000
000000000
000000000
000000000
000000000
000000000
000000000
000000000
000090000
600000000
000000000
000000000
000000000
000000000
000000000
000000490
000050000
000000000
090000000
700500000
130800000
000000000
000000000
000000001
000000000
000000000
000000000
010000000
000000000
700000800
000000000
000000000
050000000
900100000
007000000
000000000
000000000
100000000
000000000
000000000
000000000
000020000
000000000
000000000
000002000
000040090
000000030
000000000
004030008
000000000
000200100
060000000
080300000
000000800
000009000
009200000
000000090
000000000
000700000
001000003
000000000
005030000
003000800
000700900
000000000
000830000
000040000
000000000
000000004
000000000
060000000
000000000
000000000
000000000
000000000
000000000
000000000
000000000
000000000
000800000
000012000
000700000
003800000
200000000
000000000
000605000
000000050
000000000
400000000
000000000
000000000
000000000
080000400
000000000
000000000
000000001
000000000
000000000
030052000
000090000
078000050
002060100
000040000
000000000
000000000
000000000
700000000
500000060
007000000
000000000
000000000
008000000
002000000
000000000
000007000
000900000
006090070
004000000
003000000
000000000
000000000
000040000
000002000
000000000
005009000
000000000
000800000
000000000
000900000
000000000
000000000
000000000
000000000
000000000
000000000
000000000
240009000
000000000
067000000
900000000
000000000
000007000
000005000
000100000
000000400
000500000
006000000
000000000
002000037
300000000
000000000
000000005
000000000
700000003
000000000
000000510
000000000
000000000
000006000
000000000
000805000
000000000
000000000
000000000
000000000
040000500
000000000
000000000
000020000
000000600
030000000
000000000
000001070
000000600
000000000
008006000
000000000
000000000
076300000
000000000
008000000
007000003
000000000
000300000
000700600
000000000
000200000
002000000
000000000
000000000
000000006
000000000
090000000
000000000
000000800
000000000
000000000
000000000
000000000
000000000
000900000
000000000
300000000
000000000
000000000
000000000
000006000
000004000
007000005
000000000
000300040
000080000
006000000
000800000
000000000
000000200
000000000
000000070
500000000
000830090
000000000
200040800
000000003
000002000
900000000
006000000
000000000
805400000
120005000
007000100
000009000
002000001
060000000
000080000
000000000
000000000
000000000
000000000
000000000
000000000
000000000
000000001
000000050
000000000
040090600
070001000
000000090
000600000
000020000
080000000
000000000
700000000
005000000
060009000
002000000
000000040
000000000
800000000
000004900
030000004
000000000
000000000
000000000
300000008
000000000
000000000
000000000
000006000
009000000
000000000
000000000
000000000
000000000
000000000
000000000
000000000
000000000
000000000
000000000
004700020
380000000
000003019
000020000
000000000
000010400
000900002
000008000
007300000
000000070
000040000
001000000
000000000
000000084
700000000
300200000
000000000
090040000
000002800
000000000
530009000
000000000
000000000
000000060
000008000
300000000
010000000
400000080
000000000
043000000
000000000
000000000
000007000
000000000
001000000
000000000
230000005
000008000
000000012
000000900
000400000
006280000
007000000
000000600
000000000
000000000
000000000
000000000
000000000
000000000
000000000
000000000
000000000
003000000
000000000
400000000
000000000
000000005
000000000
000010000
000030000
000000000
040000000
000090000
000000000
000800005
060000000
080004000
000008000
000001000
000700080
000000000
000000000
000000000
000000000
000000080
000000000
000000000
001000000
000000000
000090000
000000000
000006000
000002000
000000000
000000980
000300400
000680000
000000000
000020080
000000060
036000000
000000000
000000000
000890000
000000000
600000000
000100000
000000600
040000300
000000001
000000000
000000000
200000050
000004009
000100000
700000000
000000000
000200001
402000000
000000000
700000020
000000007
000000070
000500000
000300002
000000000
000000000
000000000
000000000
000000801
000000000
000000000
000000000
000000000
500000080
000000000
200000000
050020000
070005000
000000300
000000005
001000000
800007000
003900000
040000006
000000000
070000000
800000000
030000000
000300000
000600010
000000009
000000000
000000009
000084000
000000004
000010700
000000050
003000000
000000000
000000010
700000000
000000000
000030000
000000000
000000000
000000000
000470005
000081900
000590000
000000000
000000140
000000000
000700000
000000000
000000000
000000000
000000005
000000000
000000000
000000000
000000000
000000000
000000000
000000000
000000005
000000000
000000000
200000000
000000000
503000000
000030000
004000000
000000080
002000000
000000020
040000000
000000000
010000400
000704000
000000000
700030000
000000000
000000203
000000000
000000000
000000000
000200000
006800900
000000050
000000000
000000000
000000000
000500034
000000000
000000500
002000000
603000001
000000000
000300000
000980000
000008040
000000700
005000000
000000000
000000600
000000000
000000000
000600050
000000000
004000000
000000000
000000009
000000000
000000000
000208000
008400000
004000000
000000000
002000008
000000000
040030009
000700000
000000000
000010000
040100020
000000100
000000000
000097000
000000200
000000000
090000000
000005000
000000700
900000000
300000005
000000600
006000000
000000000
000000000
000000080
000000000
000040000
000000000
000000000
000000000
000000000
000050000
000000000
000001930
000000000
020000000
000000001
000000003
000000000
401000000
000000400
000000000
000100400
000000010
400003000
000000000
000004005
600050000
000000007
000000030
000000050
000600000
400500000
000000000
000000009
000000000
000000000
000000000
000000000
000090000
000000000
000000000
000000000
000020000
000000000
000000000
000000000
000000000
000000000
000002040
090050070
000000600
000000000
030000000
000009000
000000000
000000000
000000000
000000000
000070000
300000000
000000000
000000000
000000300
050000008
000500000
000000000
016000800
300000000
400090000
000000000
000000090
100009000
000000000
000000000
000000000
000000005
000000000
000000048
000090000
000003000
000000000
000300010
000000000
000000000
000000000
000000000
000000000
000000000
000000007
000000000
000000000
000000000
000000400
000300000
000000000
000000000
000000000
000020600
000004000
006000000
000090000
002007000
600500000
000000000
300060000
000000000
000000000
000000008
000070000
000000000
020600007
000000000
000000000
000000000
000000000
000000400
000000000
000000000
000000000
000000000
000009000
000000000
200000000
000100000
000402060
000000000
000050000
000020004
000000020
000000002
100000000
000530000
000000000
000000000
000000050
000100000
000000020
000450000
000700000
000000000
000000100
000000000
003009000
100060000
000600000
000000000
000000000
000000000
000000000
000000000
600000000
000000200
000006000
000013000
000000008
007000000
000000006
000000000
000050000
000000000
040000008
000010090
000000800
000000030
000697000
000003000
010000000
000020000
048000000
000000000
000000600
000000006
000000040
000009000
000090001
005000000
000004008
000000027
000700060
007000000
040000000
000000000
000100000
010000000
000000075
000000000
000000000
000000000
000000000
031000000
000200010
000000000
000000000
000600040
000000700
000000000
000008000
000040000
000000600
000000007
000070008
000000900
000001000
030000000
108005000
000000200
000000000
000000400
000000000
000800000
008000000
000602000
060000000
000400000
040070053
000000006
000900000
500000400
000006000
000000000
007000000
000600300
000000005
000000001
000000002
000000000
900000000
000000900
000000000
000000000
000000000
000000000
000000000
000000000
000000000
000000000
000000000
000000000
000007000
000000000
000000000
000000030
000000000
000000000
000000000
000000000
805000000
000000000
000000000
000000200
000000000
000000000
000000000
000001000
000000000
004000000
090000150
000004200
300000000
000000000
000000000
000000000
000000080
000000500
000003000
000000000
000004000
490000000
000000004
000000300
000007000
807060000
000000001
800004000
000000000
000000000
000040000
000000730
000006000
000002000
000000501
000000000
000000000
000000000
000000000
000000000
000000000
000000000
000000000
000000000
000000000
000000000
000000000
000700020
000000000
000000000
000000000
000000000
000000000
000000000
000000009
200000000
000000000
000000000
000000000
000108000
030000000
000000050
000000000
000000000
000000000
000005000
000000000
000000000
000000900
000000000
000308500
000000000
700020000
000000000
000004000
570000000
000000000
000000000
009000000
000000800
000400000
000000000
000000907
000010005
000000000
000000000
000000000
008000000
000800000
000700020
000080300
000007000
000000000
910000000
000053000
050000000
001000004
000000000
000000000
090000000
000000300
000006000
000300000
000000020
940000000
000000007
000900513
000000004
000000000
000300000
400000000
000004000
000000000
000000000
300000000
040000090
000000000
000000020
003000000
000002000
000000000
200000000
000060004
000000005
004000000
000000090
000000500
030000004
000000000
000000000
001000000
000000021
000000050
000000000
000046000
400000000
080000050
000900800
000000060
000000000
000000000
000030000
000000000
000000000
000000002
000005000
000000000
000000006
000000009
000600500
000000030
060008000
000000000
000000000
000000009
000000000
000000000
080009000
010800000
000000020
000000000
000070000
000000000
000000000
000000000
000000000
000000000
000000000
000000000
006000000
000000000
000000000
000000300
000000007
603000000
000002060
100000000
000070000
000000800
040005000
000000004
000002060
000000000
000008000
890000000
000070000
000000003
000000900
700600000
000000000
000000000
000000008
000000070
000000009
200100030
093000060
000900000
001060500
000020000
500040000
030000000
000570000
000001000
000003600
800000000
000000000
000000000
000000100
000090000
000000600
000000000
000400000
050000000
000080009
000000050
000500000
800000400
000008500
300000000
000000026
080000000
000000008
000000000
000000000
000000000
000000000
000000000
000000070
000000000
000000000
000000000
000000000
000000000
070000000
000000000
000000000
000000000
000000000
000000000
000000000
000000000
000000000
000000000
000000000
000000000
000076000
000000000
001000000
000300014
000000000
000000000
000000400
000000000
000000000
000000000
030000000
000000000
000000000
000000000
000000000
000000000
000050001
000000090
001000020
000000000
000630000
000009003
000000200
090000400
000070000
000000000
600200000
000000000
000000000
203000000
006000000
000000000
000000900
000000700
000700000
000000000
000050000
000000000
200000000
900000000
000000010
000000000
000000000
000300900
000000080
040000000
009003000
007060040
000000000
000080206
000000000
000000801
000000007
000000050
000000800
000000025
000000000
000006000
000300000
800000000
070000200
000000000
000000000
000000000
000000000
000000080
000000000
000600000
000000000
000000000
000000003
000070008
000005000
000000800
002000007
000000000
008000000
000000000
000000000
000000000
000000000
000090000
000000000
000000000
000000000
000000000
000000000
000000000
040000000
000000400
000000000
000000000
000000200
000004000
006000000
000513000
200000005
000000000
000005600
006070000
000000000
000000300
007000000
000000000
600050000
000100095
000000000
000000000
000060000
000000000
000000000
000000000
000000000
000000000
000000000
000000006
000700000
000010000
000000000
060000000
000040007
000002000
000000080
008000000
090500030
000000000
006000000
100000000
000000000
000000000
700080000
000000000
000000000
000000000
000000000
000000000
000000000
000000000
000000000
000000008
000000000
000000000
000000000
000000000
010000000
000000000
000800000
000000000
000000000
000000000
070000000
600000000
000000000
100000000
050000040
800000000
000000000
000000000
000000000
002000910
400000000
000400000
002000000
000000000
300000000
000000000
000005000
000070000
000000000
006000009
000000050
000000000
600000047
000000130
000000000
000000000
800000000
000000000
000000000
700000000
006000000
000000006
000000000
000000000
000000000
004000000
000000000
000000300
030000060
000500000
000000050
000000000
007000600
915000000
000000500
000000900
003006025
000000000
000500000
000030000
000000000
010200009
000000040
900010000
408000000
000000000
000001000
400000000
000000000
000050000
000820100
030000000
000000000
006000000
000000000
000600000
000802000
034000000
000000000
000000000
001000004
000060000
000000000
010003000
000000000
000000000
000000000
300040010
000000000
000000000
000005000
000000005
000000000
000000000
000000000
500006900
000900000
000000000
009000010
000000000
000000000
000000000
006000000
000000000
500000000
061027005
000000600
600000000
000500000
000009500
000000000
030000000
000000000
000000000
000800000
000040000
000030900
000000000
400000000
000005000
000000000
000000100
000000000
000000000
000000000
000000050
000000000
100000000
008000000
000000000
000000000
000008000
000000000
000000000
000000000
000000000
000000060
000090000
006300000
000000000
300000700
000000004
107000000
000000000
000049000
800000000
100000000
000002000
600000000
000000000
000000000
000000100
000000000
000500700
400000000
000000000
000050000
000000300
000005000
000000000
005000020
000006090
000200100
000010000
000500000
000000000
000700000
406010000
000002000
000000000
000060000
000000000
000200508
000000000
700000000
000000000
060007000
300000000
500000000
000005670
200010000
070040000
000000000
000000000
000000050
000000020
000000000
000000000
000000000
000000000
000000000
040000000
900000000
000000000
000008000
008000000
000000000
000000000
000000030
004000000
000000000
000000000
000500060
010000000
025080004
000001000
000000000
500000000
700000000
000300000
000090020
000040060
000028070
000000001
040500000
000050030
000000040
400080000
000000000
000000300
000000000
000000000
000000000
000008000
000000000
000000000
000000400
060000000
000000000
300010000
000000000
000000000
050200000
500008000
000000190
000000000
700200000
000000040
000000508
001020000
000000000
000700280
000000000
000000000
080000000
000800000
000000700
000000690
000000000
000000000
020000000
000900000
000000000
000000000
000000070
000006405
000500000
000070060
008000004
000900000
600000008
000000000
000600010
009000000
000000000
000000000
000000000
000000000
000000000
000000000
600000000
007000000
000000005
000000000
000600008
000000000
000000000
000000007
060000070
000000000
000090000
000000000
000000000
000004000
000000000
600000000
000000000
001000002
000000000
000000000
000000000
000000000
000000000
000000000
000000000
000030000
000000000
001000000
000000200
000026000
700000000
000000000
007000000
000750000
000000020
001000000
080000000
000000000
100000000
000060000
000000006
010000500
000000000
000000000
000000000
000000000
700000000
009000000
000000000
000000000
000000000
000000000
010060000
000000000
070000000
000000000
000000000
000000000
000000000
000000000
000000000
000000000
000000000
000000000
000000000
030000600
800000527
000000030
000004800
005000002
000200000
090000000
000050000
000030000
050000000
000000000
000000000
000000000
000000000
000008000
000000000
000000000
000000000
000000000
100000000
005000000
000000500
260000000
000000910
000009007
000000003
000006000
000000000
000000000
000000000
000000000
000000000
000000000
000000000
000000000
000000000
200000000
000000000
400200160
000890070
800000002
000000000
000000000
070000000
000000000
000000000
000040000
000000000
000000009
000000000
000000000
000000000
000000000
000000000
000000000
000000080
040000001
000300000
000000000
030000800
000096000
000000302
080000000
000000000
000007000
300009000
000000000
000140200
000000000
000000000
000000006
800052000
000000000
000000000
000000000
000000000
000000000
000000000
000000000
000000000
000000010
000000006
007000000
200900000
130000000
000090000
000000500
000000000
000040000
000000050
000003000
005200007
000040000
040000000
080300000
001005000
000000500
500002000
000000000
000000000
000500000
000000090
510700000
070000000
400000800
000000000
620000000
000000000
000090000
000400000
100700000
000000800
000000000
000000300
006004000
200006000
000000000
000000000
000000060
000000500
010000000
000040000
000000070
000000000
000050000
000000000
700000000
000010000
000000000
870000000
000000040
000000000
000007080
000009400
400000000
000000000
000900000
000000000
000000000
000000000
000000000
000000000
500000000
000001000
000000000
000000000
080000000
000200004
000000000
100900000
000500000
000000800
000000001
000900000
000000010
000000000
000000600
000000000
000008000
000040000
000000060
000000000
000050009
000003000
600000000
000007000
000000000
008000000
200000000
300000000
000006000
004007000
000000000
800030000
000000000
000000000
000000000
000600900
900000000
000000008
000004000
080000000
000000600
000000000
001900030
000000040
000500000
000000000
000001000
000000000
000000000
000000000
000000000
000000000
000000000
000000000
000000000
000000000
000000000
000000007
000000009
000000000
000000000
000604000
000000000
070000000
000070000
000000000
070000000
000000000
000107000
000000000
000003008
000000006
000000000
001090003
070000000
000000000
000000000
004000000
000000000
000000060
000000000
000000000
000000000
000000000
700000000
000800000
000000000
000000000
000000000
000000000
500000040
000000900
000000000
000000000
000800000
000000000
000000000
000000000
000000000
000000000
000000000
100000000
000000000
000400300
000000000
000050000
000200000
004000000
000000001
000000000
000000000
000000000
000000000
000000000
000000000
020000000
000000000
000002900
000000000
000070000
000100000
400000000
000000002
000000000
000000000
600900300
009010000
000002010
000000000
000000000
000000000
000000000
000080100
000560000
800000000
000900000
400000000
050000002
007000800
010000000
000300000
000000000
000000000
000000200
000000000
000008000
001000020
000000000
000000004
000002000
400070800
000000000
000000000
000000060
000600000
000000000
000060000
000000000
000000000
000000000
000007000
030000050
000070000
008000030
000005000
000000000
000000000
000000000
600000000
000000000
000000000
000000000
000000000
000000000
000000000
000000000
000000000
000000000
000000000
000000000
000000000
000000000
000000000
000000040
030000000
000000000
004000000
000000000
000010000
070000005
000000000
000200000
000000000
001500690
000000500
000000003
508003000
000060000
000000060
060000009
000000010
000006000
007000000
000000970
100040000
000100006
000000240
000003000
000690000
000008000
000000000
000700000
007500000
000000003
000100000
500009000
000800000
000000000
000000000
000000000
000000600
000000020
000000000
000000000
005400000
002006000
000000000
000000906
000000080
000560000
300000000
000000000
000000007
009006000
000000400
080150000
080000000
000000800
000010000
008000000
000000000
000900000
000000000
000000000
000000000
090004000
000000300
000000000
000000000
000000000
030000000
020040000
050000000
000010900
640000002
090000000
300000000
000000300
000000800
000000000
000000000
500004000
000007000
000002000
100000000
000070020
003000000
000003000
904000000
000000005
000000000
020000000
000060000
008000090
000000000
000000000
000000000
000008000
010000000
000003000
000000000
000000000
000007000
000000000
000000000
000000000
030000000
020000000
000000000
000600000
040000020
000004007
000100000
500000000
000200000
000000000
000040300
209006000
080000000
009005000
300007000
000200000
000000000
000000000
900023000
500000000
000000073
007008010
060000000
000000000
070000000
000000000
020006000
000010000
000040003
000000960
000600000
000000040
007000000
000400050
006000000
000000020
000000000
000000000
000000000
000000000
000000000
000009000
000020000
000000000
000000000
000001000
070000000
001003000
000000000
000000460
000000050
062000010
000200000
000004000
000000000
709000040
000000000
008005000
000000080
000000000
000000000
000000000
000000700
000000000
000000003
030000000
000000000
000000000
000000000
000000000
000000000
000000000
000000000
000000000
000000000
000000000
001000000
000000000
000003000
000000000
000000005
090000000
010000000
000700000
600009000
410050000
007000000
000000000
000000000
000000000
000000000
000000000
000005000
000000803
000002000
700000900
000000000
000000000
000000050
000000600
000000007
000080000
004560000
010000000
000000000
000000000
000000000
040000000
300000008
000000800
000000000
000000005
000009000
010000070
000000060
000010000
000000080
000000000
000004000
000000000
000000000
000000000
100000000
000000000
000000000
007190040
010000000
000800007
000009050
000000030
