        1      2      3      4      5      6      7      8      9     10     11     12     13     14     15
 1      2
 2      1      3
 3      0      2      4
 4      1      2      4      6
 5      0      2      4      6      8
 6      1      5      8     10     12     14
 7      0      4     10     14     16     18     20
 8      1      7     19     26     30     32     34     36
 9      0     10     28     42     50     54     56     58     60
10      1     14     47     75     90     98    102    104    106    108
11      0     18     74    124    154    170    178    182    184    186    188
12      1     31    132    227    287    318    334    342    346    348    350    352
13      0     40    212    390    504    566    598    614    622    626    628    630    632
14      1     63    368    706    929   1053   1116   1148   1164   1172   1176   1178   1180   1182
15      0     94    626   1262   1694   1936   2062   2126   2158   2174   2182   2186   2188   2190   2192
